time Vol_0_default_submembrane_pointA_Spc_a Vol_1_default_submembrane_Spc_a Vol_2_region1_submembrane_Spc_a Vol_3_region1_submembrane_Spc_a Vol_0_default_submembrane_pointA_Spc_b Vol_1_default_submembrane_Spc_b Vol_2_region1_submembrane_Spc_b Vol_3_region1_submembrane_Spc_b Vol_0_default_submembrane_pointA_Spc_c Vol_1_default_submembrane_Spc_c Vol_2_region1_submembrane_Spc_c Vol_3_region1_submembrane_Spc_c Vol_0_default_submembrane_pointA_Spc_d Vol_1_default_submembrane_Spc_d Vol_2_region1_submembrane_Spc_d Vol_3_region1_submembrane_Spc_d
0.0 0.0 0.0 0.0 0.0 60.220 60.220 75.275 75.275 0.0 0.0 0.0 0.0 0.0 0.0 0.0 0.0 
0.050000 0.0 0.0 0.0 0.0 60.220 60.220 75.275 75.275 0.0 0.0 0.0 0.0 0.0 0.0 0.0 0.0 
0.10000 0.0 0.0 0.0 0.0 60.220 60.220 75.275 75.275 0.0 0.0 0.0 0.0 0.0 0.0 0.0 0.0 
0.15000 0.0 0.0 0.0 0.0 60.220 60.220 75.275 75.275 0.0 0.0 0.0 0.0 0.0 0.0 0.0 0.0 
0.20000 0.0 0.0 0.0 0.0 60.220 60.220 75.275 75.275 0.0 0.0 0.0 0.0 0.0 0.0 0.0 0.0 
0.25000 0.0 0.0 0.0 0.0 60.220 60.220 75.275 75.275 0.0 0.0 0.0 0.0 0.0 0.0 0.0 0.0 
0.30000 0.0 0.0 0.0 0.0 60.220 60.220 75.275 75.275 0.0 0.0 0.0 0.0 0.0 0.0 0.0 0.0 
0.35000 0.0 0.0 0.0 0.0 60.220 60.220 75.275 75.275 0.0 0.0 0.0 0.0 0.0 0.0 0.0 0.0 
0.40000 0.0 0.0 0.0 0.0 60.220 60.220 75.275 75.275 0.0 0.0 0.0 0.0 0.0 0.0 0.0 0.0 
0.45000 0.0 0.0 0.0 0.0 60.220 60.220 75.275 75.275 0.0 0.0 0.0 0.0 0.0 0.0 0.0 0.0 
0.50000 0.0 0.0 0.0 0.0 60.220 60.220 75.275 75.275 0.0 0.0 0.0 0.0 0.0 0.0 0.0 0.0 
0.55000 0.0 0.0 0.0 0.0 60.220 60.220 75.275 75.275 0.0 0.0 0.0 0.0 0.0 0.0 0.0 0.0 
0.60000 0.0 0.0 0.0 0.0 60.220 60.220 75.275 75.275 0.0 0.0 0.0 0.0 0.0 0.0 0.0 0.0 
0.65000 0.0 0.0 0.0 0.0 60.220 60.220 75.275 75.275 0.0 0.0 0.0 0.0 0.0 0.0 0.0 0.0 
0.70000 0.0 0.0 0.0 0.0 60.220 60.220 75.275 75.275 0.0 0.0 0.0 0.0 0.0 0.0 0.0 0.0 
0.75000 0.0 0.0 0.0 0.0 60.220 60.220 75.275 75.275 0.0 0.0 0.0 0.0 0.0 0.0 0.0 0.0 
0.80000 0.0 0.0 0.0 0.0 60.220 60.220 75.275 75.275 0.0 0.0 0.0 0.0 0.0 0.0 0.0 0.0 
0.85000 0.0 0.0 0.0 0.0 60.220 60.220 75.275 75.275 0.0 0.0 0.0 0.0 0.0 0.0 0.0 0.0 
0.90000 0.0 0.0 0.0 0.0 60.220 60.220 75.275 75.275 0.0 0.0 0.0 0.0 0.0 0.0 0.0 0.0 
0.95000 0.0 0.0 0.0 0.0 60.220 60.220 75.275 75.275 0.0 0.0 0.0 0.0 0.0 0.0 0.0 0.0 
1.0000 4.4188e-15 0.0 0.0 0.0 60.220 60.220 75.275 75.275 2.2094e-17 0.0 0.0 0.0 4.4409e-15 0.0 0.0 0.0 
1.0500 0.99502 0.0 0.0 0.0 60.215 60.220 75.275 75.275 0.0049751 0.0 0.0 0.0 1.0000 4.9650e-16 0.0 0.0 
1.1000 1.9851 0.0 0.0 0.0 60.205 60.220 75.275 75.275 0.014899 0.0 0.0 0.0 1.9412 0.11180 5.0871e-17 0.0 
1.1500 2.9703 0.0 0.0 0.0 60.190 60.220 75.275 75.275 0.029744 0.0 0.0 0.0 2.7813 0.31702 0.011455 3.9131e-18 
1.2000 3.9505 0.0 0.0 0.0 60.171 60.220 75.275 75.275 0.049482 0.0 0.0 0.0 3.5408 0.58361 0.043045 0.00088116 
1.2500 4.9259 0.0 0.0 0.0 60.146 60.220 75.275 75.275 0.074083 0.0 0.0 0.0 4.2376 0.88780 0.098662 0.0041584 
1.3000 5.8965 0.0 0.0 0.0 60.116 60.220 75.275 75.275 0.10352 0.0 0.0 0.0 4.8845 1.2140 0.17890 0.011554 
1.3500 6.8622 0.0 0.0 0.0 60.082 60.220 75.275 75.275 0.13775 0.0 0.0 0.0 5.4907 1.5524 0.28253 0.024711 
1.4000 7.8232 0.0 0.0 0.0 60.043 60.220 75.275 75.275 0.17676 0.0 0.0 0.0 6.0631 1.8966 0.40748 0.045049 
1.4500 8.7795 0.0 0.0 0.0 60.000 60.220 75.275 75.275 0.22050 0.0 0.0 0.0 6.6066 2.2427 0.55140 0.073710 
1.5000 9.7311 0.0 0.0 0.0 59.951 60.220 75.275 75.275 0.26894 0.0 0.0 0.0 7.1251 2.5881 0.71196 0.11156 
1.5500 10.678 0.0 0.0 0.0 59.898 60.220 75.275 75.275 0.32205 0.0 0.0 0.0 7.6219 2.9312 0.88698 0.15920 
1.6000 11.620 0.0 0.0 0.0 59.840 60.220 75.275 75.275 0.37979 0.0 0.0 0.0 8.0992 3.2711 1.0746 0.21701 
1.6500 12.558 0.0 0.0 0.0 59.778 60.220 75.275 75.275 0.44212 0.0 0.0 0.0 8.5593 3.6071 1.2730 0.28520 
1.7000 13.491 0.0 0.0 0.0 59.711 60.220 75.275 75.275 0.50901 0.0 0.0 0.0 9.0038 3.9390 1.4808 0.36381 
1.7500 14.420 0.0 0.0 0.0 59.640 60.220 75.275 75.275 0.58042 0.0 0.0 0.0 9.4340 4.2666 1.6968 0.45275 
1.8000 15.344 0.0 0.0 0.0 59.564 60.220 75.275 75.275 0.65631 0.0 0.0 0.0 9.8514 4.5898 1.9199 0.55187 
1.8500 16.263 0.0 0.0 0.0 59.483 60.220 75.275 75.275 0.73664 0.0 0.0 0.0 10.257 4.9087 2.1492 0.66091 
1.9000 17.179 0.0 0.0 0.0 59.399 60.220 75.275 75.275 0.82136 0.0 0.0 0.0 10.652 5.2233 2.3841 0.77959 
1.9500 18.090 0.0 0.0 0.0 59.310 60.220 75.275 75.275 0.91045 0.0 0.0 0.0 11.036 5.5339 2.6238 0.90758 
2.0000 18.996 0.0 0.0 0.0 59.216 60.220 75.275 75.275 1.0039 0.0 0.0 0.0 11.411 5.8405 2.8678 1.0445 
2.0500 19.898 0.0 0.0 0.0 59.118 60.220 75.275 75.275 1.1015 0.0 0.0 0.0 11.778 6.1433 3.1156 1.1900 
2.1000 20.797 0.0 0.0 0.0 59.017 60.220 75.275 75.275 1.2034 0.0 0.0 0.0 12.137 6.4424 3.3669 1.3438 
2.1500 21.690 0.0 0.0 0.0 58.910 60.220 75.275 75.275 1.3095 0.0 0.0 0.0 12.488 6.7381 3.6213 1.5053 
2.2000 22.580 0.0 0.0 0.0 58.800 60.220 75.275 75.275 1.4198 0.0 0.0 0.0 12.832 7.0304 3.8786 1.6743 
2.2500 23.466 0.0 0.0 0.0 58.686 60.220 75.275 75.275 1.5341 0.0 0.0 0.0 13.170 7.3196 4.1384 1.8503 
2.3000 24.347 0.0 0.0 0.0 58.567 60.220 75.275 75.275 1.6525 0.0 0.0 0.0 13.501 7.6058 4.4006 2.0331 
2.3500 25.225 0.0 0.0 0.0 58.445 60.220 75.275 75.275 1.7750 0.0 0.0 0.0 13.827 7.8892 4.6650 2.2223 
2.4000 26.099 0.0 0.0 0.0 58.319 60.220 75.275 75.275 1.9013 0.0 0.0 0.0 14.148 8.1699 4.9313 2.4174 
2.4500 26.968 0.0 0.0 0.0 58.188 60.220 75.275 75.275 2.0317 0.0 0.0 0.0 14.463 8.4480 5.1995 2.6183 
2.5000 27.834 0.0 0.0 0.0 58.054 60.220 75.275 75.275 2.1658 0.0 0.0 0.0 14.774 8.7237 5.4693 2.8246 
2.5500 28.696 0.0 0.0 0.0 57.916 60.220 75.275 75.275 2.3038 0.0 0.0 0.0 15.081 8.9972 5.7407 3.0360 
2.6000 29.554 0.0 0.0 0.0 57.774 60.220 75.275 75.275 2.4456 0.0 0.0 0.0 15.383 9.2685 6.0136 3.2522 
2.6500 30.409 0.0 0.0 0.0 57.629 60.220 75.275 75.275 2.5911 0.0 0.0 0.0 15.682 9.5378 6.2879 3.4729 
2.7000 31.260 0.0 0.0 0.0 57.480 60.220 75.275 75.275 2.7403 0.0 0.0 0.0 15.976 9.8051 6.5634 3.6979 
2.7500 32.107 0.0 0.0 0.0 57.327 60.220 75.275 75.275 2.8932 0.0 0.0 0.0 16.268 10.071 6.8401 3.9270 
2.8000 32.950 0.0 0.0 0.0 57.170 60.220 75.275 75.275 3.0496 0.0 0.0 0.0 16.556 10.335 7.1179 4.1599 
2.8500 33.790 0.0 0.0 0.0 57.010 60.220 75.275 75.275 3.2095 0.0 0.0 0.0 16.841 10.597 7.3968 4.3964 
2.9000 34.627 0.0 0.0 0.0 56.847 60.220 75.275 75.275 3.3730 0.0 0.0 0.0 17.123 10.858 7.6766 4.6363 
2.9500 35.460 0.0 0.0 0.0 56.680 60.220 75.275 75.275 3.5399 0.0 0.0 0.0 17.402 11.117 7.9573 4.8794 
3.0000 36.290 0.0 0.0 0.0 56.510 60.220 75.275 75.275 3.7101 0.0 0.0 0.0 17.679 11.375 8.2389 5.1255 
3.0500 37.116 0.0 0.0 0.0 56.336 60.220 75.275 75.275 3.8838 0.0 0.0 0.0 17.954 11.632 8.5213 5.3745 
3.1000 37.939 0.0 0.0 0.0 56.159 60.220 75.275 75.275 4.0607 0.0 0.0 0.0 18.226 11.887 8.8044 5.6261 
3.1500 38.759 0.0 0.0 0.0 55.979 60.220 75.275 75.275 4.2409 0.0 0.0 0.0 18.497 12.141 9.0883 5.8803 
3.2000 39.576 0.0 0.0 0.0 55.796 60.220 75.275 75.275 4.4242 0.0 0.0 0.0 18.765 12.395 9.3728 6.1368 
3.2500 40.389 0.0 0.0 0.0 55.609 60.220 75.275 75.275 4.6107 0.0 0.0 0.0 19.031 12.647 9.6579 6.3956 
3.3000 41.200 0.0 0.0 0.0 55.420 60.220 75.275 75.275 4.8003 0.0 0.0 0.0 19.296 12.898 9.9436 6.6565 
3.3500 42.007 0.0 0.0 0.0 55.227 60.220 75.275 75.275 4.9929 0.0 0.0 0.0 19.559 13.149 10.230 6.9194 
3.4000 42.811 0.0 0.0 0.0 55.031 60.220 75.275 75.275 5.1886 0.0 0.0 0.0 19.820 13.399 10.517 7.1841 
3.4500 43.613 0.0 0.0 0.0 54.833 60.220 75.275 75.275 5.3871 0.0 0.0 0.0 20.080 13.647 10.804 7.4507 
3.5000 44.411 0.0 0.0 0.0 54.631 60.220 75.275 75.275 5.5886 0.0 0.0 0.0 20.338 13.896 11.092 7.7189 
3.5500 45.207 0.0 0.0 0.0 54.427 60.220 75.275 75.275 5.7929 0.0 0.0 0.0 20.596 14.143 11.380 7.9886 
3.6000 46.000 0.0 0.0 0.0 54.220 60.220 75.275 75.275 6.0000 0.0 0.0 0.0 20.852 14.390 11.668 8.2599 
3.6500 46.790 0.0 0.0 0.0 54.010 60.220 75.275 75.275 6.2098 0.0 0.0 0.0 21.106 14.636 11.957 8.5325 
3.7000 47.578 0.0 0.0 0.0 53.798 60.220 75.275 75.275 6.4224 0.0 0.0 0.0 21.360 14.881 12.247 8.8064 
3.7500 48.362 0.0 0.0 0.0 53.582 60.220 75.275 75.275 6.6375 0.0 0.0 0.0 21.613 15.126 12.536 9.0816 
3.8000 49.145 0.0 0.0 0.0 53.365 60.220 75.275 75.275 6.8553 0.0 0.0 0.0 21.865 15.371 12.826 9.3579 
3.8500 49.924 0.0 0.0 0.0 53.144 60.220 75.275 75.275 7.0756 0.0 0.0 0.0 22.116 15.615 13.117 9.6354 
3.9000 50.702 0.0 0.0 0.0 52.922 60.220 75.275 75.275 7.2984 0.0 0.0 0.0 22.366 15.859 13.407 9.9138 
3.9500 51.476 0.0 0.0 0.0 52.696 60.220 75.275 75.275 7.5236 0.0 0.0 0.0 22.615 16.102 13.698 10.193 
4.0000 52.249 0.0 0.0 0.0 52.469 60.220 75.275 75.275 7.7513 0.0 0.0 0.0 22.863 16.344 13.989 10.474 
4.0500 53.019 0.0 0.0 0.0 52.239 60.220 75.275 75.275 7.9813 0.0 0.0 0.0 23.111 16.587 14.280 10.755 
4.1000 53.786 0.0 0.0 0.0 52.006 60.220 75.275 75.275 8.2135 0.0 0.0 0.0 23.358 16.829 14.572 11.037 
4.1500 54.552 0.0 0.0 0.0 51.772 60.220 75.275 75.275 8.4480 0.0 0.0 0.0 23.604 17.070 14.864 11.320 
4.2000 55.315 0.0 0.0 0.0 51.535 60.220 75.275 75.275 8.6847 0.0 0.0 0.0 23.850 17.312 15.156 11.603 
4.2500 56.076 0.0 0.0 0.0 51.296 60.220 75.275 75.275 8.9236 0.0 0.0 0.0 24.095 17.553 15.448 11.887 
4.3000 56.835 0.0 0.0 0.0 51.055 60.220 75.275 75.275 9.1645 0.0 0.0 0.0 24.340 17.793 15.740 12.172 
4.3500 57.592 0.0 0.0 0.0 50.812 60.220 75.275 75.275 9.4075 0.0 0.0 0.0 24.584 18.034 16.032 12.457 
4.4000 58.347 0.0 0.0 0.0 50.567 60.220 75.275 75.275 9.6525 0.0 0.0 0.0 24.828 18.274 16.325 12.743 
4.4500 59.101 0.0 0.0 0.0 50.321 60.220 75.275 75.275 9.8995 0.0 0.0 0.0 25.071 18.514 16.618 13.030 
4.5000 59.852 0.0 0.0 0.0 50.072 60.220 75.275 75.275 10.148 0.0 0.0 0.0 25.314 18.754 16.911 13.317 
4.5500 60.601 0.0 0.0 0.0 49.821 60.220 75.275 75.275 10.399 0.0 0.0 0.0 25.556 18.993 17.204 13.604 
4.6000 61.349 0.0 0.0 0.0 49.569 60.220 75.275 75.275 10.651 0.0 0.0 0.0 25.799 19.232 17.497 13.892 
4.6500 62.094 0.0 0.0 0.0 49.314 60.220 75.275 75.275 10.906 0.0 0.0 0.0 26.040 19.472 17.790 14.181 
4.7000 62.838 0.0 0.0 0.0 49.058 60.220 75.275 75.275 11.162 0.0 0.0 0.0 26.282 19.711 18.084 14.469 
4.7500 63.581 0.0 0.0 0.0 48.801 60.220 75.275 75.275 11.419 0.0 0.0 0.0 26.523 19.949 18.377 14.759 
4.8000 64.321 0.0 0.0 0.0 48.541 60.220 75.275 75.275 11.679 0.0 0.0 0.0 26.764 20.188 18.671 15.048 
4.8500 65.061 0.0 0.0 0.0 48.281 60.220 75.275 75.275 11.939 0.0 0.0 0.0 27.004 20.426 18.964 15.338 
4.9000 65.798 0.0 0.0 0.0 48.018 60.220 75.275 75.275 12.202 0.0 0.0 0.0 27.245 20.665 19.258 15.628 
4.9500 66.534 0.0 0.0 0.0 47.754 60.220 75.275 75.275 12.466 0.0 0.0 0.0 27.485 20.903 19.552 15.918 
5.0000 67.269 0.0 0.0 0.0 47.489 60.220 75.275 75.275 12.731 0.0 0.0 0.0 27.724 21.141 19.846 16.209 
5.0500 68.002 0.0 0.0 0.0 47.222 60.220 75.275 75.275 12.998 0.0 0.0 0.0 27.964 21.379 20.140 16.500 
5.1000 68.735 0.0 0.0 0.0 46.955 60.220 75.275 75.275 13.265 0.0 0.0 0.0 28.203 21.617 20.434 16.791 
5.1500 69.465 0.0 0.0 0.0 46.685 60.220 75.275 75.275 13.535 0.0 0.0 0.0 28.443 21.855 20.728 17.083 
5.2000 70.195 0.0 0.0 0.0 46.415 60.220 75.275 75.275 13.805 0.0 0.0 0.0 28.682 22.092 21.022 17.374 
5.2500 70.923 0.0 0.0 0.0 46.143 60.220 75.275 75.275 14.077 0.0 0.0 0.0 28.921 22.330 21.316 17.666 
5.3000 71.650 0.0 0.0 0.0 45.870 60.220 75.275 75.275 14.350 0.0 0.0 0.0 29.159 22.568 21.611 17.958 
5.3500 72.376 0.0 0.0 0.0 45.596 60.220 75.275 75.275 14.624 0.0 0.0 0.0 29.398 22.805 21.905 18.250 
5.4000 73.101 0.0 0.0 0.0 45.321 60.220 75.275 75.275 14.899 0.0 0.0 0.0 29.636 23.042 22.199 18.543 
5.4500 73.825 0.0 0.0 0.0 45.045 60.220 75.275 75.275 15.175 0.0 0.0 0.0 29.874 23.280 22.494 18.835 
5.5000 74.548 0.0 0.0 0.0 44.768 60.220 75.275 75.275 15.452 0.0 0.0 0.0 30.113 23.517 22.788 19.128 
5.5500 75.270 0.0 0.0 0.0 44.490 60.220 75.275 75.275 15.730 0.0 0.0 0.0 30.351 23.754 23.083 19.421 
5.6000 75.991 0.0 0.0 0.0 44.211 60.220 75.275 75.275 16.009 0.0 0.0 0.0 30.589 23.991 23.377 19.714 
5.6500 76.711 0.0 0.0 0.0 43.931 60.220 75.275 75.275 16.289 0.0 0.0 0.0 30.826 24.228 23.672 20.007 
5.7000 77.430 0.0 0.0 0.0 43.650 60.220 75.275 75.275 16.570 0.0 0.0 0.0 31.064 24.465 23.967 20.300 
5.7500 78.149 0.0 0.0 0.0 43.369 60.220 75.275 75.275 16.851 0.0 0.0 0.0 31.302 24.702 24.261 20.593 
5.8000 78.867 0.0 0.0 0.0 43.087 60.220 75.275 75.275 17.133 0.0 0.0 0.0 31.539 24.939 24.556 20.887 
5.8500 79.584 0.0 0.0 0.0 42.804 60.220 75.275 75.275 17.416 0.0 0.0 0.0 31.777 25.176 24.851 21.180 
5.9000 80.300 0.0 0.0 0.0 42.520 60.220 75.275 75.275 17.700 0.0 0.0 0.0 32.014 25.412 25.145 21.474 
5.9500 81.016 0.0 0.0 0.0 42.236 60.220 75.275 75.275 17.984 0.0 0.0 0.0 32.251 25.649 25.440 21.768 
6.0000 81.731 0.0 0.0 0.0 41.951 60.220 75.275 75.275 18.269 0.0 0.0 0.0 32.489 25.886 25.735 22.061 
6.0500 82.446 0.0 0.0 0.0 41.666 60.220 75.275 75.275 18.554 0.0 0.0 0.0 32.726 26.123 26.030 22.355 
6.1000 83.160 0.0 0.0 0.0 41.380 60.220 75.275 75.275 18.840 0.0 0.0 0.0 32.963 26.359 26.324 22.649 
6.1500 83.874 0.0 0.0 0.0 41.094 60.220 75.275 75.275 19.126 0.0 0.0 0.0 33.200 26.596 26.619 22.943 
6.2000 84.588 0.0 0.0 0.0 40.808 60.220 75.275 75.275 19.412 0.0 0.0 0.0 33.437 26.832 26.914 23.237 
6.2500 85.301 0.0 0.0 0.0 40.521 60.220 75.275 75.275 19.699 0.0 0.0 0.0 33.674 27.069 27.209 23.531 
6.3000 86.013 0.0 0.0 0.0 40.233 60.220 75.275 75.275 19.987 0.0 0.0 0.0 33.911 27.305 27.504 23.826 
6.3500 86.726 0.0 0.0 0.0 39.946 60.220 75.275 75.275 20.274 0.0 0.0 0.0 34.148 27.542 27.799 24.120 
6.4000 87.438 0.0 0.0 0.0 39.658 60.220 75.275 75.275 20.562 0.0 0.0 0.0 34.384 27.778 28.094 24.414 
6.4500 88.150 0.0 0.0 0.0 39.370 60.220 75.275 75.275 20.850 0.0 0.0 0.0 34.621 28.015 28.389 24.709 
6.5000 88.861 0.0 0.0 0.0 39.081 60.220 75.275 75.275 21.139 0.0 0.0 0.0 34.858 28.251 28.683 25.003 
6.5500 89.573 0.0 0.0 0.0 38.793 60.220 75.275 75.275 21.427 0.0 0.0 0.0 35.095 28.488 28.978 25.297 
6.6000 90.284 0.0 0.0 0.0 38.504 60.220 75.275 75.275 21.716 0.0 0.0 0.0 35.331 28.724 29.273 25.592 
6.6500 90.995 0.0 0.0 0.0 38.215 60.220 75.275 75.275 22.005 0.0 0.0 0.0 35.568 28.961 29.568 25.886 
6.7000 91.707 0.0 0.0 0.0 37.927 60.220 75.275 75.275 22.293 0.0 0.0 0.0 35.804 29.197 29.863 26.181 
6.7500 92.418 0.0 0.0 0.0 37.638 60.220 75.275 75.275 22.582 0.0 0.0 0.0 36.041 29.433 30.158 26.476 
6.8000 93.129 0.0 0.0 0.0 37.349 60.220 75.275 75.275 22.871 0.0 0.0 0.0 36.278 29.670 30.453 26.770 
6.8500 93.840 0.0 0.0 0.0 37.060 60.220 75.275 75.275 23.160 0.0 0.0 0.0 36.514 29.906 30.748 27.065 
6.9000 94.551 0.0 0.0 0.0 36.771 60.220 75.275 75.275 23.449 0.0 0.0 0.0 36.751 30.142 31.043 27.359 
6.9500 95.263 0.0 0.0 0.0 36.483 60.220 75.275 75.275 23.737 0.0 0.0 0.0 36.987 30.379 31.338 27.654 
7.0000 95.974 0.0 0.0 0.0 36.194 60.220 75.275 75.275 24.026 0.0 0.0 0.0 37.223 30.615 31.633 27.949 
7.0500 96.686 0.0 0.0 0.0 35.906 60.220 75.275 75.275 24.314 0.0 0.0 0.0 37.460 30.851 31.928 28.244 
7.1000 97.398 0.0 0.0 0.0 35.618 60.220 75.275 75.275 24.602 0.0 0.0 0.0 37.696 31.087 32.223 28.538 
7.1500 98.110 0.0 0.0 0.0 35.330 60.220 75.275 75.275 24.890 0.0 0.0 0.0 37.933 31.324 32.519 28.833 
7.2000 98.823 0.0 0.0 0.0 35.043 60.220 75.275 75.275 25.177 0.0 0.0 0.0 38.169 31.560 32.814 29.128 
7.2500 99.535 0.0 0.0 0.0 34.755 60.220 75.275 75.275 25.465 0.0 0.0 0.0 38.405 31.796 33.109 29.423 
7.3000 100.25 0.0 0.0 0.0 34.469 60.220 75.275 75.275 25.751 0.0 0.0 0.0 38.642 32.032 33.404 29.718 
7.3500 100.96 0.0 0.0 0.0 34.182 60.220 75.275 75.275 26.038 0.0 0.0 0.0 38.878 32.269 33.699 30.013 
7.4000 101.68 0.0 0.0 0.0 33.896 60.220 75.275 75.275 26.324 0.0 0.0 0.0 39.114 32.505 33.994 30.308 
7.4500 102.39 0.0 0.0 0.0 33.610 60.220 75.275 75.275 26.610 0.0 0.0 0.0 39.351 32.741 34.289 30.602 
7.5000 103.10 0.0 0.0 0.0 33.325 60.220 75.275 75.275 26.895 0.0 0.0 0.0 39.587 32.977 34.584 30.897 
7.5500 103.82 0.0 0.0 0.0 33.040 60.220 75.275 75.275 27.180 0.0 0.0 0.0 39.823 33.213 34.879 31.192 
7.6000 104.54 0.0 0.0 0.0 32.756 60.220 75.275 75.275 27.464 0.0 0.0 0.0 40.060 33.450 35.174 31.487 
7.6500 105.25 0.0 0.0 0.0 32.472 60.220 75.275 75.275 27.748 0.0 0.0 0.0 40.296 33.686 35.469 31.782 
7.7000 105.97 0.0 0.0 0.0 32.189 60.220 75.275 75.275 28.031 0.0 0.0 0.0 40.532 33.922 35.764 32.077 
7.7500 106.69 0.0 0.0 0.0 31.906 60.220 75.275 75.275 28.314 0.0 0.0 0.0 40.768 34.158 36.059 32.372 
7.8000 107.40 0.0 0.0 0.0 31.624 60.220 75.275 75.275 28.596 0.0 0.0 0.0 41.005 34.394 36.355 32.667 
7.8500 108.12 0.0 0.0 0.0 31.343 60.220 75.275 75.275 28.877 0.0 0.0 0.0 41.241 34.631 36.650 32.962 
7.9000 108.84 0.0 0.0 0.0 31.062 60.220 75.275 75.275 29.158 0.0 0.0 0.0 41.477 34.867 36.945 33.257 
7.9500 109.56 0.0 0.0 0.0 30.782 60.220 75.275 75.275 29.438 0.0 0.0 0.0 41.713 35.103 37.240 33.552 
8.0000 110.28 0.0 0.0 0.0 30.502 60.220 75.275 75.275 29.718 0.0 0.0 0.0 41.949 35.339 37.535 33.847 
8.0500 111.00 0.0 0.0 0.0 30.224 60.220 75.275 75.275 29.996 0.0 0.0 0.0 42.186 35.575 37.830 34.142 
8.1000 111.73 0.0 0.0 0.0 29.946 60.220 75.275 75.275 30.274 0.0 0.0 0.0 42.422 35.811 38.125 34.437 
8.1500 112.45 0.0 0.0 0.0 29.669 60.220 75.275 75.275 30.551 0.0 0.0 0.0 42.658 36.048 38.420 34.732 
8.2000 113.17 0.0 0.0 0.0 29.393 60.220 75.275 75.275 30.827 0.0 0.0 0.0 42.894 36.284 38.715 35.027 
8.2500 113.90 0.0 0.0 0.0 29.117 60.220 75.275 75.275 31.103 0.0 0.0 0.0 43.130 36.520 39.010 35.322 
8.3000 114.62 0.0 0.0 0.0 28.843 60.220 75.275 75.275 31.377 0.0 0.0 0.0 43.367 36.756 39.306 35.617 
8.3500 115.35 0.0 0.0 0.0 28.569 60.220 75.275 75.275 31.651 0.0 0.0 0.0 43.603 36.992 39.601 35.912 
8.4000 116.08 0.0 0.0 0.0 28.297 60.220 75.275 75.275 31.923 0.0 0.0 0.0 43.839 37.228 39.896 36.207 
8.4500 116.80 0.0 0.0 0.0 28.025 60.220 75.275 75.275 32.195 0.0 0.0 0.0 44.075 37.464 40.191 36.503 
8.5000 117.53 0.0 0.0 0.0 27.754 60.220 75.275 75.275 32.466 0.0 0.0 0.0 44.311 37.701 40.486 36.798 
8.5500 118.26 0.0 0.0 0.0 27.484 60.220 75.275 75.275 32.736 0.0 0.0 0.0 44.547 37.937 40.781 37.093 
8.6000 119.00 0.0 0.0 0.0 27.215 60.220 75.275 75.275 33.005 0.0 0.0 0.0 44.784 38.173 41.076 37.388 
8.6500 119.73 0.0 0.0 0.0 26.947 60.220 75.275 75.275 33.273 0.0 0.0 0.0 45.020 38.409 41.371 37.683 
8.7000 120.46 0.0 0.0 0.0 26.680 60.220 75.275 75.275 33.540 0.0 0.0 0.0 45.256 38.645 41.667 37.978 
8.7500 121.19 0.0 0.0 0.0 26.415 60.220 75.275 75.275 33.805 0.0 0.0 0.0 45.492 38.881 41.962 38.273 
8.8000 121.93 0.0 0.0 0.0 26.150 60.220 75.275 75.275 34.070 0.0 0.0 0.0 45.728 39.117 42.257 38.568 
8.8500 122.67 0.0 0.0 0.0 25.886 60.220 75.275 75.275 34.334 0.0 0.0 0.0 45.964 39.354 42.552 38.863 
8.9000 123.40 0.0 0.0 0.0 25.624 60.220 75.275 75.275 34.596 0.0 0.0 0.0 46.201 39.590 42.847 39.158 
8.9500 124.14 0.0 0.0 0.0 25.362 60.220 75.275 75.275 34.858 0.0 0.0 0.0 46.437 39.826 43.142 39.453 
9.0000 124.88 0.0 0.0 0.0 25.102 60.220 75.275 75.275 35.118 0.0 0.0 0.0 46.673 40.062 43.437 39.749 
9.0500 125.62 0.0 0.0 0.0 24.843 60.220 75.275 75.275 35.377 0.0 0.0 0.0 46.909 40.298 43.732 40.044 
9.1000 126.36 0.0 0.0 0.0 24.585 60.220 75.275 75.275 35.635 0.0 0.0 0.0 47.145 40.534 44.028 40.339 
9.1500 127.11 0.0 0.0 0.0 24.328 60.220 75.275 75.275 35.892 0.0 0.0 0.0 47.381 40.770 44.323 40.634 
9.2000 127.85 0.0 0.0 0.0 24.072 60.220 75.275 75.275 36.148 0.0 0.0 0.0 47.617 41.006 44.618 40.929 
9.2500 128.60 0.0 0.0 0.0 23.818 60.220 75.275 75.275 36.402 0.0 0.0 0.0 47.854 41.243 44.913 41.224 
9.3000 129.35 0.0 0.0 0.0 23.565 60.220 75.275 75.275 36.655 0.0 0.0 0.0 48.090 41.479 45.208 41.519 
9.3500 130.09 0.0 0.0 0.0 23.313 60.220 75.275 75.275 36.907 0.0 0.0 0.0 48.326 41.715 45.503 41.814 
9.4000 130.84 0.0 0.0 0.0 23.063 60.220 75.275 75.275 37.157 0.0 0.0 0.0 48.562 41.951 45.798 42.109 
9.4500 131.59 0.0 0.0 0.0 22.813 60.220 75.275 75.275 37.407 0.0 0.0 0.0 48.798 42.187 46.094 42.405 
9.5000 132.35 0.0 0.0 0.0 22.565 60.220 75.275 75.275 37.655 0.0 0.0 0.0 49.034 42.423 46.389 42.700 
9.5500 133.10 0.0 0.0 0.0 22.319 60.220 75.275 75.275 37.901 0.0 0.0 0.0 49.270 42.659 46.684 42.995 
9.6000 133.85 0.0 0.0 0.0 22.073 60.220 75.275 75.275 38.147 0.0 0.0 0.0 49.506 42.895 46.979 43.290 
9.6500 134.61 0.0 0.0 0.0 21.829 60.220 75.275 75.275 38.391 0.0 0.0 0.0 49.743 43.132 47.274 43.585 
9.7000 135.37 0.0 0.0 0.0 21.587 60.220 75.275 75.275 38.633 0.0 0.0 0.0 49.979 43.368 47.569 43.880 
9.7500 136.13 0.0 0.0 0.0 21.346 60.220 75.275 75.275 38.874 0.0 0.0 0.0 50.215 43.604 47.864 44.175 
9.8000 136.89 0.0 0.0 0.0 21.106 60.220 75.275 75.275 39.114 0.0 0.0 0.0 50.451 43.840 48.159 44.470 
9.8500 137.65 0.0 0.0 0.0 20.867 60.220 75.275 75.275 39.353 0.0 0.0 0.0 50.687 44.076 48.455 44.765 
9.9000 138.41 0.0 0.0 0.0 20.630 60.220 75.275 75.275 39.590 0.0 0.0 0.0 50.923 44.312 48.750 45.061 
9.9500 139.17 0.0 0.0 0.0 20.394 60.220 75.275 75.275 39.826 0.0 0.0 0.0 51.159 44.548 49.045 45.356 
10.000 139.94 0.0 0.0 0.0 20.160 60.220 75.275 75.275 40.060 0.0 0.0 0.0 51.395 44.784 49.340 45.651 
10.050 140.71 0.0 0.0 0.0 19.927 60.220 75.275 75.275 40.293 0.0 0.0 0.0 51.632 45.020 49.635 45.946 
10.100 141.48 0.0 0.0 0.0 19.696 60.220 75.275 75.275 40.524 0.0 0.0 0.0 51.868 45.257 49.930 46.241 
10.150 142.25 0.0 0.0 0.0 19.466 60.220 75.275 75.275 40.754 0.0 0.0 0.0 52.104 45.493 50.225 46.536 
10.200 143.02 0.0 0.0 0.0 19.238 60.220 75.275 75.275 40.982 0.0 0.0 0.0 52.340 45.729 50.521 46.831 
10.250 143.79 0.0 0.0 0.0 19.011 60.220 75.275 75.275 41.209 0.0 0.0 0.0 52.576 45.965 50.816 47.127 
10.300 144.57 0.0 0.0 0.0 18.785 60.220 75.275 75.275 41.435 0.0 0.0 0.0 52.812 46.201 51.111 47.422 
10.350 145.34 0.0 0.0 0.0 18.561 60.220 75.275 75.275 41.659 0.0 0.0 0.0 53.048 46.437 51.406 47.717 
10.400 146.12 0.0 0.0 0.0 18.339 60.220 75.275 75.275 41.881 0.0 0.0 0.0 53.284 46.673 51.701 48.012 
10.450 146.90 0.0 0.0 0.0 18.118 60.220 75.275 75.275 42.102 0.0 0.0 0.0 53.520 46.909 51.996 48.307 
10.500 147.68 0.0 0.0 0.0 17.898 60.220 75.275 75.275 42.322 0.0 0.0 0.0 53.757 47.146 52.291 48.602 
10.550 148.46 0.0 0.0 0.0 17.680 60.220 75.275 75.275 42.540 0.0 0.0 0.0 53.993 47.382 52.586 48.897 
10.600 149.24 0.0 0.0 0.0 17.464 60.220 75.275 75.275 42.756 0.0 0.0 0.0 54.229 47.618 52.882 49.192 
10.650 150.03 0.0 0.0 0.0 17.249 60.220 75.275 75.275 42.971 0.0 0.0 0.0 54.465 47.854 53.177 49.488 
10.700 150.82 0.0 0.0 0.0 17.036 60.220 75.275 75.275 43.184 0.0 0.0 0.0 54.701 48.090 53.472 49.783 
10.750 151.60 0.0 0.0 0.0 16.824 60.220 75.275 75.275 43.396 0.0 0.0 0.0 54.937 48.326 53.767 50.078 
10.800 152.39 0.0 0.0 0.0 16.614 60.220 75.275 75.275 43.606 0.0 0.0 0.0 55.173 48.562 54.062 50.373 
10.850 153.18 0.0 0.0 0.0 16.405 60.220 75.275 75.275 43.815 0.0 0.0 0.0 55.409 48.798 54.357 50.668 
10.900 153.98 0.0 0.0 0.0 16.198 60.220 75.275 75.275 44.022 0.0 0.0 0.0 55.646 49.034 54.652 50.963 
10.950 154.77 0.0 0.0 0.0 15.992 60.220 75.275 75.275 44.228 0.0 0.0 0.0 55.882 49.271 54.948 51.258 
11.000 155.57 0.0 0.0 0.0 15.788 60.220 75.275 75.275 44.432 0.0 0.0 0.0 56.118 49.507 55.243 51.554 
11.050 155.37 0.0 0.0 0.0 15.587 60.220 75.275 75.275 44.633 0.0 0.0 0.0 55.354 49.743 55.538 51.849 
11.100 155.17 0.0 0.0 0.0 15.389 60.220 75.275 75.275 44.831 0.0 0.0 0.0 54.649 49.867 55.833 52.144 
11.150 154.97 0.0 0.0 0.0 15.193 60.220 75.275 75.275 45.027 0.0 0.0 0.0 54.045 49.898 56.117 52.439 
11.200 154.78 0.0 0.0 0.0 15.001 60.220 75.275 75.275 45.219 0.0 0.0 0.0 53.521 49.867 56.380 52.733 
11.250 154.59 0.0 0.0 0.0 14.811 60.220 75.275 75.275 45.409 0.0 0.0 0.0 53.061 49.799 56.620 53.025 
11.300 154.40 0.0 0.0 0.0 14.623 60.220 75.275 75.275 45.597 0.0 0.0 0.0 52.650 49.709 56.835 53.313 
11.350 154.22 0.0 0.0 0.0 14.438 60.220 75.275 75.275 45.782 0.0 0.0 0.0 52.280 49.607 57.026 53.595 
11.400 154.04 0.0 0.0 0.0 14.256 60.220 75.275 75.275 45.964 0.0 0.0 0.0 51.944 49.499 57.196 53.870 
11.450 153.86 0.0 0.0 0.0 14.076 60.220 75.275 75.275 46.144 0.0 0.0 0.0 51.636 49.389 57.348 54.136 
11.500 153.68 0.0 0.0 0.0 13.899 60.220 75.275 75.275 46.321 0.0 0.0 0.0 51.354 49.280 57.482 54.393 
11.550 153.50 0.0 0.0 0.0 13.724 60.220 75.275 75.275 46.496 0.0 0.0 0.0 51.093 49.173 57.602 54.641 
11.600 153.33 0.0 0.0 0.0 13.551 60.220 75.275 75.275 46.669 0.0 0.0 0.0 50.852 49.069 57.710 54.878 
11.650 153.16 0.0 0.0 0.0 13.381 60.220 75.275 75.275 46.839 0.0 0.0 0.0 50.628 48.969 57.807 55.105 
11.700 152.99 0.0 0.0 0.0 13.213 60.220 75.275 75.275 47.007 0.0 0.0 0.0 50.420 48.873 57.894 55.322 
11.750 152.83 0.0 0.0 0.0 13.048 60.220 75.275 75.275 47.172 0.0 0.0 0.0 50.225 48.782 57.973 55.528 
11.800 152.66 0.0 0.0 0.0 12.884 60.220 75.275 75.275 47.336 0.0 0.0 0.0 50.044 48.695 58.045 55.724 
11.850 152.50 0.0 0.0 0.0 12.723 60.220 75.275 75.275 47.497 0.0 0.0 0.0 49.875 48.612 58.111 55.910 
11.900 152.34 0.0 0.0 0.0 12.564 60.220 75.275 75.275 47.656 0.0 0.0 0.0 49.716 48.533 58.171 56.086 
11.950 152.19 0.0 0.0 0.0 12.408 60.220 75.275 75.275 47.812 0.0 0.0 0.0 49.568 48.459 58.227 56.254 
12.000 152.03 0.0 0.0 0.0 12.253 60.220 75.275 75.275 47.967 0.0 0.0 0.0 49.429 48.388 58.278 56.412 
12.050 151.88 0.0 0.0 0.0 12.100 60.220 75.275 75.275 48.120 0.0 0.0 0.0 49.298 48.322 58.325 56.561 
12.100 151.73 0.0 0.0 0.0 11.950 60.220 75.275 75.275 48.270 0.0 0.0 0.0 49.175 48.259 58.369 56.703 
12.150 151.58 0.0 0.0 0.0 11.801 60.220 75.275 75.275 48.419 0.0 0.0 0.0 49.060 48.199 58.410 56.836 
12.200 151.43 0.0 0.0 0.0 11.655 60.220 75.275 75.275 48.565 0.0 0.0 0.0 48.952 48.143 58.447 56.963 
12.250 151.29 0.0 0.0 0.0 11.510 60.220 75.275 75.275 48.710 0.0 0.0 0.0 48.851 48.090 58.483 57.082 
12.300 151.15 0.0 0.0 0.0 11.368 60.220 75.275 75.275 48.852 0.0 0.0 0.0 48.755 48.040 58.516 57.194 
12.350 151.01 0.0 0.0 0.0 11.227 60.220 75.275 75.275 48.993 0.0 0.0 0.0 48.665 47.992 58.547 57.300 
12.400 150.87 0.0 0.0 0.0 11.088 60.220 75.275 75.275 49.132 0.0 0.0 0.0 48.581 47.948 58.575 57.400 
12.450 150.73 0.0 0.0 0.0 10.951 60.220 75.275 75.275 49.269 0.0 0.0 0.0 48.502 47.906 58.602 57.494 
12.500 150.60 0.0 0.0 0.0 10.816 60.220 75.275 75.275 49.404 0.0 0.0 0.0 48.427 47.866 58.628 57.583 
12.550 150.46 0.0 0.0 0.0 10.682 60.220 75.275 75.275 49.538 0.0 0.0 0.0 48.356 47.829 58.651 57.667 
12.600 150.33 0.0 0.0 0.0 10.550 60.220 75.275 75.275 49.670 0.0 0.0 0.0 48.290 47.794 58.674 57.746 
12.650 150.20 0.0 0.0 0.0 10.421 60.220 75.275 75.275 49.799 0.0 0.0 0.0 48.228 47.761 58.694 57.820 
12.700 150.07 0.0 0.0 0.0 10.292 60.220 75.275 75.275 49.928 0.0 0.0 0.0 48.169 47.729 58.714 57.890 
12.750 149.95 0.0 0.0 0.0 10.166 60.220 75.275 75.275 50.054 0.0 0.0 0.0 48.114 47.700 58.732 57.956 
12.800 149.82 0.0 0.0 0.0 10.041 60.220 75.275 75.275 50.179 0.0 0.0 0.0 48.062 47.672 58.750 58.019 
12.850 149.70 0.0 0.0 0.0 9.9175 60.220 75.275 75.275 50.302 0.0 0.0 0.0 48.013 47.646 58.766 58.077 
12.900 149.58 0.0 0.0 0.0 9.7959 60.220 75.275 75.275 50.424 0.0 0.0 0.0 47.967 47.621 58.781 58.132 
12.950 149.46 0.0 0.0 0.0 9.6758 60.220 75.275 75.275 50.544 0.0 0.0 0.0 47.924 47.598 58.796 58.185 
13.000 149.34 0.0 0.0 0.0 9.5573 60.220 75.275 75.275 50.663 0.0 0.0 0.0 47.883 47.576 58.809 58.234 
13.050 149.22 0.0 0.0 0.0 9.4404 60.220 75.275 75.275 50.780 0.0 0.0 0.0 47.844 47.556 58.822 58.280 
13.100 149.10 0.0 0.0 0.0 9.3249 60.220 75.275 75.275 50.895 0.0 0.0 0.0 47.808 47.536 58.834 58.323 
13.150 148.99 0.0 0.0 0.0 9.2110 60.220 75.275 75.275 51.009 0.0 0.0 0.0 47.774 47.518 58.845 58.364 
13.200 148.88 0.0 0.0 0.0 9.0985 60.220 75.275 75.275 51.121 0.0 0.0 0.0 47.742 47.501 58.856 58.403 
13.250 148.77 0.0 0.0 0.0 8.9875 60.220 75.275 75.275 51.233 0.0 0.0 0.0 47.712 47.485 58.866 58.439 
13.300 148.66 0.0 0.0 0.0 8.8779 60.220 75.275 75.275 51.342 0.0 0.0 0.0 47.683 47.469 58.875 58.473 
13.350 148.55 0.0 0.0 0.0 8.7698 60.220 75.275 75.275 51.450 0.0 0.0 0.0 47.656 47.455 58.884 58.506 
13.400 148.44 0.0 0.0 0.0 8.6630 60.220 75.275 75.275 51.557 0.0 0.0 0.0 47.631 47.441 58.893 58.536 
13.450 148.34 0.0 0.0 0.0 8.5576 60.220 75.275 75.275 51.662 0.0 0.0 0.0 47.607 47.429 58.901 58.565 
13.500 148.23 0.0 0.0 0.0 8.4535 60.220 75.275 75.275 51.766 0.0 0.0 0.0 47.585 47.417 58.908 58.592 
13.550 148.13 0.0 0.0 0.0 8.3508 60.220 75.275 75.275 51.869 0.0 0.0 0.0 47.564 47.405 58.915 58.617 
13.600 148.03 0.0 0.0 0.0 8.2494 60.220 75.275 75.275 51.971 0.0 0.0 0.0 47.544 47.395 58.922 58.641 
13.650 147.93 0.0 0.0 0.0 8.1494 60.220 75.275 75.275 52.071 0.0 0.0 0.0 47.525 47.385 58.928 58.663 
13.700 147.83 0.0 0.0 0.0 8.0505 60.220 75.275 75.275 52.169 0.0 0.0 0.0 47.508 47.375 58.934 58.685 
13.750 147.73 0.0 0.0 0.0 7.9530 60.220 75.275 75.275 52.267 0.0 0.0 0.0 47.491 47.366 58.939 58.705 
13.800 147.64 0.0 0.0 0.0 7.8567 60.220 75.275 75.275 52.363 0.0 0.0 0.0 47.475 47.358 58.944 58.723 
13.850 147.54 0.0 0.0 0.0 7.7616 60.220 75.275 75.275 52.458 0.0 0.0 0.0 47.461 47.350 58.949 58.741 
13.900 147.45 0.0 0.0 0.0 7.6677 60.220 75.275 75.275 52.552 0.0 0.0 0.0 47.447 47.343 58.954 58.758 
13.950 147.36 0.0 0.0 0.0 7.5751 60.220 75.275 75.275 52.645 0.0 0.0 0.0 47.434 47.336 58.958 58.773 
14.000 147.26 0.0 0.0 0.0 7.4835 60.220 75.275 75.275 52.736 0.0 0.0 0.0 47.421 47.329 58.962 58.788 
14.050 147.17 0.0 0.0 0.0 7.3932 60.220 75.275 75.275 52.827 0.0 0.0 0.0 47.410 47.323 58.966 58.802 
14.100 147.08 0.0 0.0 0.0 7.3040 60.220 75.275 75.275 52.916 0.0 0.0 0.0 47.399 47.317 58.969 58.815 
14.150 147.00 0.0 0.0 0.0 7.2159 60.220 75.275 75.275 53.004 0.0 0.0 0.0 47.389 47.311 58.973 58.828 
14.200 146.91 0.0 0.0 0.0 7.1290 60.220 75.275 75.275 53.091 0.0 0.0 0.0 47.379 47.306 58.976 58.839 
14.250 146.82 0.0 0.0 0.0 7.0431 60.220 75.275 75.275 53.177 0.0 0.0 0.0 47.370 47.301 58.979 58.850 
14.300 146.74 0.0 0.0 0.0 6.9583 60.220 75.275 75.275 53.262 0.0 0.0 0.0 47.361 47.297 58.982 58.861 
14.350 146.65 0.0 0.0 0.0 6.8746 60.220 75.275 75.275 53.345 0.0 0.0 0.0 47.353 47.292 58.985 58.870 
14.400 146.57 0.0 0.0 0.0 6.7920 60.220 75.275 75.275 53.428 0.0 0.0 0.0 47.345 47.288 58.987 58.879 
14.450 146.49 0.0 0.0 0.0 6.7104 60.220 75.275 75.275 53.510 0.0 0.0 0.0 47.338 47.284 58.989 58.888 
14.500 146.41 0.0 0.0 0.0 6.6298 60.220 75.275 75.275 53.590 0.0 0.0 0.0 47.332 47.281 58.992 58.896 
14.550 146.33 0.0 0.0 0.0 6.5502 60.220 75.275 75.275 53.670 0.0 0.0 0.0 47.325 47.277 58.994 58.904 
14.600 146.25 0.0 0.0 0.0 6.4716 60.220 75.275 75.275 53.748 0.0 0.0 0.0 47.319 47.274 58.996 58.911 
14.650 146.17 0.0 0.0 0.0 6.3940 60.220 75.275 75.275 53.826 0.0 0.0 0.0 47.314 47.271 58.998 58.918 
14.700 146.10 0.0 0.0 0.0 6.3174 60.220 75.275 75.275 53.903 0.0 0.0 0.0 47.308 47.268 58.999 58.924 
14.750 146.02 0.0 0.0 0.0 6.2417 60.220 75.275 75.275 53.978 0.0 0.0 0.0 47.303 47.266 59.001 58.930 
14.800 145.95 0.0 0.0 0.0 6.1670 60.220 75.275 75.275 54.053 0.0 0.0 0.0 47.299 47.263 59.003 58.936 
14.850 145.87 0.0 0.0 0.0 6.0932 60.220 75.275 75.275 54.127 0.0 0.0 0.0 47.294 47.261 59.004 58.941 
14.900 145.80 0.0 0.0 0.0 6.0203 60.220 75.275 75.275 54.200 0.0 0.0 0.0 47.290 47.259 59.005 58.946 
14.950 145.73 0.0 0.0 0.0 5.9483 60.220 75.275 75.275 54.272 0.0 0.0 0.0 47.286 47.256 59.007 58.951 
15.000 145.66 0.0 0.0 0.0 5.8772 60.220 75.275 75.275 54.343 0.0 0.0 0.0 47.282 47.254 59.008 58.956 
15.050 145.59 0.0 0.0 0.0 5.8070 60.220 75.275 75.275 54.413 0.0 0.0 0.0 47.279 47.253 59.009 58.960 
15.100 145.52 0.0 0.0 0.0 5.7377 60.220 75.275 75.275 54.482 0.0 0.0 0.0 47.275 47.251 59.010 58.964 
15.150 145.45 0.0 0.0 0.0 5.6693 60.220 75.275 75.275 54.551 0.0 0.0 0.0 47.272 47.249 59.011 58.967 
15.200 145.38 0.0 0.0 0.0 5.6016 60.220 75.275 75.275 54.618 0.0 0.0 0.0 47.269 47.248 59.012 58.971 
15.250 145.31 0.0 0.0 0.0 5.5349 60.220 75.275 75.275 54.685 0.0 0.0 0.0 47.267 47.246 59.013 58.974 
15.300 145.25 0.0 0.0 0.0 5.4689 60.220 75.275 75.275 54.751 0.0 0.0 0.0 47.264 47.245 59.014 58.977 
15.350 145.18 0.0 0.0 0.0 5.4038 60.220 75.275 75.275 54.816 0.0 0.0 0.0 47.262 47.243 59.015 58.980 
15.400 145.12 0.0 0.0 0.0 5.3394 60.220 75.275 75.275 54.881 0.0 0.0 0.0 47.259 47.242 59.016 58.983 
15.450 145.06 0.0 0.0 0.0 5.2759 60.220 75.275 75.275 54.944 0.0 0.0 0.0 47.257 47.241 59.016 58.986 
15.500 144.99 0.0 0.0 0.0 5.2131 60.220 75.275 75.275 55.007 0.0 0.0 0.0 47.255 47.240 59.017 58.988 
15.550 144.93 0.0 0.0 0.0 5.1512 60.220 75.275 75.275 55.069 0.0 0.0 0.0 47.253 47.239 59.018 58.990 
15.600 144.87 0.0 0.0 0.0 5.0899 60.220 75.275 75.275 55.130 0.0 0.0 0.0 47.251 47.238 59.018 58.993 
15.650 144.81 0.0 0.0 0.0 5.0295 60.220 75.275 75.275 55.191 0.0 0.0 0.0 47.250 47.237 59.019 58.995 
15.700 144.75 0.0 0.0 0.0 4.9697 60.220 75.275 75.275 55.250 0.0 0.0 0.0 47.248 47.236 59.019 58.997 
15.750 144.69 0.0 0.0 0.0 4.9107 60.220 75.275 75.275 55.309 0.0 0.0 0.0 47.247 47.235 59.020 58.998 
15.800 144.63 0.0 0.0 0.0 4.8525 60.220 75.275 75.275 55.368 0.0 0.0 0.0 47.245 47.235 59.020 59.000 
15.850 144.57 0.0 0.0 0.0 4.7949 60.220 75.275 75.275 55.425 0.0 0.0 0.0 47.244 47.234 59.021 59.002 
15.900 144.52 0.0 0.0 0.0 4.7381 60.220 75.275 75.275 55.482 0.0 0.0 0.0 47.243 47.233 59.021 59.003 
15.950 144.46 0.0 0.0 0.0 4.6819 60.220 75.275 75.275 55.538 0.0 0.0 0.0 47.241 47.233 59.021 59.005 
16.000 144.41 0.0 0.0 0.0 4.6264 60.220 75.275 75.275 55.594 0.0 0.0 0.0 47.240 47.232 59.022 59.006 
16.050 144.35 0.0 0.0 0.0 4.5716 60.220 75.275 75.275 55.648 0.0 0.0 0.0 47.239 47.231 59.022 59.007 
16.100 144.30 0.0 0.0 0.0 4.5175 60.220 75.275 75.275 55.702 0.0 0.0 0.0 47.238 47.231 59.022 59.008 
16.150 144.24 0.0 0.0 0.0 4.4640 60.220 75.275 75.275 55.756 0.0 0.0 0.0 47.237 47.230 59.023 59.010 
16.200 144.19 0.0 0.0 0.0 4.4112 60.220 75.275 75.275 55.809 0.0 0.0 0.0 47.236 47.230 59.023 59.011 
16.250 144.14 0.0 0.0 0.0 4.3591 60.220 75.275 75.275 55.861 0.0 0.0 0.0 47.236 47.229 59.023 59.012 
16.300 144.09 0.0 0.0 0.0 4.3075 60.220 75.275 75.275 55.912 0.0 0.0 0.0 47.235 47.229 59.024 59.013 
16.350 144.04 0.0 0.0 0.0 4.2566 60.220 75.275 75.275 55.963 0.0 0.0 0.0 47.234 47.229 59.024 59.013 
16.400 143.99 0.0 0.0 0.0 4.2063 60.220 75.275 75.275 56.014 0.0 0.0 0.0 47.233 47.228 59.024 59.014 
16.450 143.94 0.0 0.0 0.0 4.1567 60.220 75.275 75.275 56.063 0.0 0.0 0.0 47.233 47.228 59.024 59.015 
16.500 143.89 0.0 0.0 0.0 4.1076 60.220 75.275 75.275 56.112 0.0 0.0 0.0 47.232 47.228 59.024 59.016 
16.550 143.84 0.0 0.0 0.0 4.0591 60.220 75.275 75.275 56.161 0.0 0.0 0.0 47.232 47.227 59.025 59.017 
16.600 143.79 0.0 0.0 0.0 4.0112 60.220 75.275 75.275 56.209 0.0 0.0 0.0 47.231 47.227 59.025 59.017 
16.650 143.74 0.0 0.0 0.0 3.9639 60.220 75.275 75.275 56.256 0.0 0.0 0.0 47.231 47.227 59.025 59.018 
16.700 143.70 0.0 0.0 0.0 3.9172 60.220 75.275 75.275 56.303 0.0 0.0 0.0 47.230 47.226 59.025 59.018 
16.750 143.65 0.0 0.0 0.0 3.8710 60.220 75.275 75.275 56.349 0.0 0.0 0.0 47.230 47.226 59.025 59.019 
16.800 143.61 0.0 0.0 0.0 3.8254 60.220 75.275 75.275 56.395 0.0 0.0 0.0 47.229 47.226 59.025 59.019 
16.850 143.56 0.0 0.0 0.0 3.7803 60.220 75.275 75.275 56.440 0.0 0.0 0.0 47.229 47.226 59.026 59.020 
16.900 143.52 0.0 0.0 0.0 3.7358 60.220 75.275 75.275 56.484 0.0 0.0 0.0 47.228 47.226 59.026 59.020 
16.950 143.47 0.0 0.0 0.0 3.6918 60.220 75.275 75.275 56.528 0.0 0.0 0.0 47.228 47.225 59.026 59.021 
17.000 143.43 0.0 0.0 0.0 3.6484 60.220 75.275 75.275 56.572 0.0 0.0 0.0 47.228 47.225 59.026 59.021 
17.050 143.39 0.0 0.0 0.0 3.6055 60.220 75.275 75.275 56.615 0.0 0.0 0.0 47.227 47.225 59.026 59.022 
17.100 143.34 0.0 0.0 0.0 3.5631 60.220 75.275 75.275 56.657 0.0 0.0 0.0 47.227 47.225 59.026 59.022 
17.150 143.30 0.0 0.0 0.0 3.5212 60.220 75.275 75.275 56.699 0.0 0.0 0.0 47.227 47.225 59.026 59.022 
17.200 143.26 0.0 0.0 0.0 3.4798 60.220 75.275 75.275 56.740 0.0 0.0 0.0 47.227 47.225 59.026 59.023 
17.250 143.22 0.0 0.0 0.0 3.4389 60.220 75.275 75.275 56.781 0.0 0.0 0.0 47.226 47.224 59.026 59.023 
17.300 143.18 0.0 0.0 0.0 3.3985 60.220 75.275 75.275 56.822 0.0 0.0 0.0 47.226 47.224 59.027 59.023 
17.350 143.14 0.0 0.0 0.0 3.3586 60.220 75.275 75.275 56.861 0.0 0.0 0.0 47.226 47.224 59.027 59.023 
17.400 143.10 0.0 0.0 0.0 3.3191 60.220 75.275 75.275 56.901 0.0 0.0 0.0 47.226 47.224 59.027 59.024 
17.450 143.06 0.0 0.0 0.0 3.2802 60.220 75.275 75.275 56.940 0.0 0.0 0.0 47.225 47.224 59.027 59.024 
17.500 143.02 0.0 0.0 0.0 3.2417 60.220 75.275 75.275 56.978 0.0 0.0 0.0 47.225 47.224 59.027 59.024 
17.550 142.98 0.0 0.0 0.0 3.2036 60.220 75.275 75.275 57.016 0.0 0.0 0.0 47.225 47.224 59.027 59.024 
17.600 142.95 0.0 0.0 0.0 3.1661 60.220 75.275 75.275 57.054 0.0 0.0 0.0 47.225 47.224 59.027 59.025 
17.650 142.91 0.0 0.0 0.0 3.1289 60.220 75.275 75.275 57.091 0.0 0.0 0.0 47.225 47.224 59.027 59.025 
17.700 142.87 0.0 0.0 0.0 3.0923 60.220 75.275 75.275 57.128 0.0 0.0 0.0 47.225 47.223 59.027 59.025 
17.750 142.84 0.0 0.0 0.0 3.0560 60.220 75.275 75.275 57.164 0.0 0.0 0.0 47.224 47.223 59.027 59.025 
17.800 142.80 0.0 0.0 0.0 3.0202 60.220 75.275 75.275 57.200 0.0 0.0 0.0 47.224 47.223 59.027 59.025 
17.850 142.76 0.0 0.0 0.0 2.9848 60.220 75.275 75.275 57.235 0.0 0.0 0.0 47.224 47.223 59.027 59.025 
17.900 142.73 0.0 0.0 0.0 2.9499 60.220 75.275 75.275 57.270 0.0 0.0 0.0 47.224 47.223 59.027 59.026 
17.950 142.70 0.0 0.0 0.0 2.9153 60.220 75.275 75.275 57.305 0.0 0.0 0.0 47.224 47.223 59.027 59.026 
18.000 142.66 0.0 0.0 0.0 2.8812 60.220 75.275 75.275 57.339 0.0 0.0 0.0 47.224 47.223 59.027 59.026 
18.050 142.63 0.0 0.0 0.0 2.8475 60.220 75.275 75.275 57.373 0.0 0.0 0.0 47.224 47.223 59.027 59.026 
18.100 142.59 0.0 0.0 0.0 2.8142 60.220 75.275 75.275 57.406 0.0 0.0 0.0 47.224 47.223 59.027 59.026 
18.150 142.56 0.0 0.0 0.0 2.7812 60.220 75.275 75.275 57.439 0.0 0.0 0.0 47.224 47.223 59.027 59.026 
18.200 142.53 0.0 0.0 0.0 2.7487 60.220 75.275 75.275 57.471 0.0 0.0 0.0 47.224 47.223 59.027 59.026 
18.250 142.50 0.0 0.0 0.0 2.7166 60.220 75.275 75.275 57.503 0.0 0.0 0.0 47.223 47.223 59.027 59.026 
18.300 142.46 0.0 0.0 0.0 2.6848 60.220 75.275 75.275 57.535 0.0 0.0 0.0 47.223 47.223 59.027 59.026 
18.350 142.43 0.0 0.0 0.0 2.6534 60.220 75.275 75.275 57.567 0.0 0.0 0.0 47.223 47.223 59.027 59.026 
18.400 142.40 0.0 0.0 0.0 2.6224 60.220 75.275 75.275 57.598 0.0 0.0 0.0 47.223 47.223 59.027 59.027 
18.450 142.37 0.0 0.0 0.0 2.5918 60.220 75.275 75.275 57.628 0.0 0.0 0.0 47.223 47.223 59.027 59.027 
18.500 142.34 0.0 0.0 0.0 2.5615 60.220 75.275 75.275 57.658 0.0 0.0 0.0 47.223 47.223 59.027 59.027 
18.550 142.31 0.0 0.0 0.0 2.5316 60.220 75.275 75.275 57.688 0.0 0.0 0.0 47.223 47.223 59.027 59.027 
18.600 142.28 0.0 0.0 0.0 2.5021 60.220 75.275 75.275 57.718 0.0 0.0 0.0 47.223 47.223 59.028 59.027 
18.650 142.25 0.0 0.0 0.0 2.4728 60.220 75.275 75.275 57.747 0.0 0.0 0.0 47.223 47.223 59.028 59.027 
18.700 142.22 0.0 0.0 0.0 2.4440 60.220 75.275 75.275 57.776 0.0 0.0 0.0 47.223 47.223 59.028 59.027 
18.750 142.20 0.0 0.0 0.0 2.4155 60.220 75.275 75.275 57.805 0.0 0.0 0.0 47.223 47.223 59.028 59.027 
18.800 142.17 0.0 0.0 0.0 2.3873 60.220 75.275 75.275 57.833 0.0 0.0 0.0 47.223 47.223 59.028 59.027 
18.850 142.14 0.0 0.0 0.0 2.3594 60.220 75.275 75.275 57.861 0.0 0.0 0.0 47.223 47.223 59.028 59.027 
18.900 142.11 0.0 0.0 0.0 2.3319 60.220 75.275 75.275 57.888 0.0 0.0 0.0 47.223 47.223 59.028 59.027 
18.950 142.08 0.0 0.0 0.0 2.3047 60.220 75.275 75.275 57.915 0.0 0.0 0.0 47.223 47.223 59.028 59.027 
19.000 142.06 0.0 0.0 0.0 2.2779 60.220 75.275 75.275 57.942 0.0 0.0 0.0 47.223 47.222 59.028 59.027 
19.050 142.03 0.0 0.0 0.0 2.2513 60.220 75.275 75.275 57.969 0.0 0.0 0.0 47.223 47.222 59.028 59.027 
19.100 142.01 0.0 0.0 0.0 2.2251 60.220 75.275 75.275 57.995 0.0 0.0 0.0 47.223 47.222 59.028 59.027 
19.150 141.98 0.0 0.0 0.0 2.1992 60.220 75.275 75.275 58.021 0.0 0.0 0.0 47.223 47.222 59.028 59.027 
19.200 141.95 0.0 0.0 0.0 2.1735 60.220 75.275 75.275 58.046 0.0 0.0 0.0 47.223 47.222 59.028 59.027 
19.250 141.93 0.0 0.0 0.0 2.1482 60.220 75.275 75.275 58.072 0.0 0.0 0.0 47.223 47.222 59.028 59.027 
19.300 141.90 0.0 0.0 0.0 2.1232 60.220 75.275 75.275 58.097 0.0 0.0 0.0 47.223 47.222 59.028 59.027 
19.350 141.88 0.0 0.0 0.0 2.0985 60.220 75.275 75.275 58.122 0.0 0.0 0.0 47.223 47.222 59.028 59.027 
19.400 141.85 0.0 0.0 0.0 2.0741 60.220 75.275 75.275 58.146 0.0 0.0 0.0 47.223 47.222 59.028 59.027 
19.450 141.83 0.0 0.0 0.0 2.0499 60.220 75.275 75.275 58.170 0.0 0.0 0.0 47.223 47.222 59.028 59.027 
19.500 141.81 0.0 0.0 0.0 2.0261 60.220 75.275 75.275 58.194 0.0 0.0 0.0 47.222 47.222 59.028 59.027 
19.550 141.78 0.0 0.0 0.0 2.0025 60.220 75.275 75.275 58.218 0.0 0.0 0.0 47.222 47.222 59.028 59.027 
19.600 141.76 0.0 0.0 0.0 1.9792 60.220 75.275 75.275 58.241 0.0 0.0 0.0 47.222 47.222 59.028 59.027 
19.650 141.74 0.0 0.0 0.0 1.9562 60.220 75.275 75.275 58.264 0.0 0.0 0.0 47.222 47.222 59.028 59.028 
19.700 141.71 0.0 0.0 0.0 1.9334 60.220 75.275 75.275 58.287 0.0 0.0 0.0 47.222 47.222 59.028 59.028 
19.750 141.69 0.0 0.0 0.0 1.9109 60.220 75.275 75.275 58.309 0.0 0.0 0.0 47.222 47.222 59.028 59.028 
19.800 141.67 0.0 0.0 0.0 1.8887 60.220 75.275 75.275 58.331 0.0 0.0 0.0 47.222 47.222 59.028 59.028 
19.850 141.65 0.0 0.0 0.0 1.8668 60.220 75.275 75.275 58.353 0.0 0.0 0.0 47.222 47.222 59.028 59.028 
19.900 141.63 0.0 0.0 0.0 1.8451 60.220 75.275 75.275 58.375 0.0 0.0 0.0 47.222 47.222 59.028 59.028 
19.950 141.60 0.0 0.0 0.0 1.8236 60.220 75.275 75.275 58.396 0.0 0.0 0.0 47.222 47.222 59.028 59.028 
