element_index  x0 y0 z0 x1 y1 z1 x2 y2 z2 x3 y3 z3
0  1.0000 1.5250 0.0000  1.4000 1.5250 0.0000  1.4000 1.1750 0.0000  1.0000 1.1750 0.0000 
1  1.0000 1.1750 0.0000  1.4000 1.1750 0.0000  1.4000 0.82500 0.0000  1.0000 0.82500 0.0000 
2  1.0000 0.82500 0.0000  1.4000 0.82500 0.0000  1.4000 0.47500 0.0000  1.0000 0.47500 0.0000 
3  1.4000 1.5250 0.0000  1.8000 1.5250 0.0000  1.8000 1.1750 0.0000  1.4000 1.1750 0.0000 
4  1.4000 1.1750 0.0000  1.8000 1.1750 0.0000  1.8000 0.82500 0.0000  1.4000 0.82500 0.0000 
5  1.4000 0.82500 0.0000  1.8000 0.82500 0.0000  1.8000 0.47500 0.0000  1.4000 0.47500 0.0000 
6  1.8000 1.5250 0.0000  2.2000 1.5250 0.0000  2.2000 1.1750 0.0000  1.8000 1.1750 0.0000 
7  1.8000 1.1750 0.0000  2.2000 1.1750 0.0000  2.2000 0.82500 0.0000  1.8000 0.82500 0.0000 
8  1.8000 0.82500 0.0000  2.2000 0.82500 0.0000  2.2000 0.47500 0.0000  1.8000 0.47500 0.0000 
9  2.2000 1.5250 0.0000  2.6000 1.5250 0.0000  2.6000 1.1750 0.0000  2.2000 1.1750 0.0000 
10  2.2000 1.1750 0.0000  2.6000 1.1750 0.0000  2.6000 0.82500 0.0000  2.2000 0.82500 0.0000 
11  2.2000 0.82500 0.0000  2.6000 0.82500 0.0000  2.6000 0.47500 0.0000  2.2000 0.47500 0.0000 
12  2.6000 1.5250 0.0000  3.0000 1.5250 0.0000  3.0000 1.1750 0.0000  2.6000 1.1750 0.0000 
13  2.6000 1.1750 0.0000  3.0000 1.1750 0.0000  3.0000 0.82500 0.0000  2.6000 0.82500 0.0000 
14  2.6000 0.82500 0.0000  3.0000 0.82500 0.0000  3.0000 0.47500 0.0000  2.6000 0.47500 0.0000 
15  3.0133 0.89956 0.0000  3.1497 0.89047 0.0000  3.1408 0.75743 0.0000  3.0044 0.76652 0.0000 
16  3.0044 0.76652 0.0000  3.1408 0.75743 0.0000  3.1319 0.62439 0.0000  2.9956 0.63348 0.0000 
17  2.9956 0.63348 0.0000  3.1319 0.62439 0.0000  3.1231 0.49135 0.0000  2.9867 0.50044 0.0000 
18  3.1497 0.89047 0.0000  3.2860 0.88138 0.0000  3.2772 0.74834 0.0000  3.1408 0.75743 0.0000 
19  3.1408 0.75743 0.0000  3.2772 0.74834 0.0000  3.2683 0.61530 0.0000  3.1319 0.62439 0.0000 
20  3.1319 0.62439 0.0000  3.2683 0.61530 0.0000  3.2594 0.48226 0.0000  3.1231 0.49135 0.0000 
21  3.2860 0.88138 0.0000  3.4224 0.87228 0.0000  3.4135 0.73925 0.0000  3.2772 0.74834 0.0000 
22  3.2772 0.74834 0.0000  3.4135 0.73925 0.0000  3.4047 0.60621 0.0000  3.2683 0.61530 0.0000 
23  3.2683 0.61530 0.0000  3.4047 0.60621 0.0000  3.3958 0.47317 0.0000  3.2594 0.48226 0.0000 
24  3.4224 0.87228 0.0000  3.5588 0.86319 0.0000  3.5499 0.73016 0.0000  3.4135 0.73925 0.0000 
25  3.4135 0.73925 0.0000  3.5499 0.73016 0.0000  3.5410 0.59712 0.0000  3.4047 0.60621 0.0000 
26  3.4047 0.60621 0.0000  3.5410 0.59712 0.0000  3.5322 0.46408 0.0000  3.3958 0.47317 0.0000 
27  3.5588 0.86319 0.0000  3.6951 0.85410 0.0000  3.6863 0.72106 0.0000  3.5499 0.73016 0.0000 
28  3.5499 0.73016 0.0000  3.6863 0.72106 0.0000  3.6774 0.58803 0.0000  3.5410 0.59712 0.0000 
29  3.5410 0.59712 0.0000  3.6774 0.58803 0.0000  3.6685 0.45499 0.0000  3.5322 0.46408 0.0000 
30  3.6951 0.85410 0.0000  3.8315 0.84501 0.0000  3.8226 0.71197 0.0000  3.6863 0.72106 0.0000 
31  3.6863 0.72106 0.0000  3.8226 0.71197 0.0000  3.8137 0.57894 0.0000  3.6774 0.58803 0.0000 
32  3.6774 0.58803 0.0000  3.8137 0.57894 0.0000  3.8049 0.44590 0.0000  3.6685 0.45499 0.0000 
33  3.8315 0.84501 0.0000  3.9678 0.83592 0.0000  3.9590 0.70288 0.0000  3.8226 0.71197 0.0000 
34  3.8226 0.71197 0.0000  3.9590 0.70288 0.0000  3.9501 0.56984 0.0000  3.8137 0.57894 0.0000 
35  3.8137 0.57894 0.0000  3.9501 0.56984 0.0000  3.9412 0.43681 0.0000  3.8049 0.44590 0.0000 
36  3.9678 0.83592 0.0000  4.1042 0.82683 0.0000  4.0953 0.69379 0.0000  3.9590 0.70288 0.0000 
37  3.9590 0.70288 0.0000  4.0953 0.69379 0.0000  4.0865 0.56075 0.0000  3.9501 0.56984 0.0000 
38  3.9501 0.56984 0.0000  4.0865 0.56075 0.0000  4.0776 0.42772 0.0000  3.9412 0.43681 0.0000 
39  4.1042 0.82683 0.0000  4.2406 0.81774 0.0000  4.2317 0.68470 0.0000  4.0953 0.69379 0.0000 
40  4.0953 0.69379 0.0000  4.2317 0.68470 0.0000  4.2228 0.55166 0.0000  4.0865 0.56075 0.0000 
41  4.0865 0.56075 0.0000  4.2228 0.55166 0.0000  4.2140 0.41862 0.0000  4.0776 0.42772 0.0000 
42  4.2406 0.81774 0.0000  4.3769 0.80865 0.0000  4.3681 0.67561 0.0000  4.2317 0.68470 0.0000 
43  4.2317 0.68470 0.0000  4.3681 0.67561 0.0000  4.3592 0.54257 0.0000  4.2228 0.55166 0.0000 
44  4.2228 0.55166 0.0000  4.3592 0.54257 0.0000  4.3503 0.40953 0.0000  4.2140 0.41862 0.0000 
45  4.3769 0.80865 0.0000  4.5133 0.79956 0.0000  4.5044 0.66652 0.0000  4.3681 0.67561 0.0000 
46  4.3681 0.67561 0.0000  4.5044 0.66652 0.0000  4.4956 0.53348 0.0000  4.3592 0.54257 0.0000 
47  4.3592 0.54257 0.0000  4.4956 0.53348 0.0000  4.4867 0.40044 0.0000  4.3503 0.40953 0.0000 
48  4.5133 0.79956 0.0000  4.6497 0.79047 0.0000  4.6408 0.65743 0.0000  4.5044 0.66652 0.0000 
49  4.5044 0.66652 0.0000  4.6408 0.65743 0.0000  4.6319 0.52439 0.0000  4.4956 0.53348 0.0000 
50  4.4956 0.53348 0.0000  4.6319 0.52439 0.0000  4.6231 0.39135 0.0000  4.4867 0.40044 0.0000 
51  4.6497 0.79047 0.0000  4.7860 0.78138 0.0000  4.7772 0.64834 0.0000  4.6408 0.65743 0.0000 
52  4.6408 0.65743 0.0000  4.7772 0.64834 0.0000  4.7683 0.51530 0.0000  4.6319 0.52439 0.0000 
53  4.6319 0.52439 0.0000  4.7683 0.51530 0.0000  4.7594 0.38226 0.0000  4.6231 0.39135 0.0000 
54  4.7860 0.78138 0.0000  4.9224 0.77228 0.0000  4.9135 0.63925 0.0000  4.7772 0.64834 0.0000 
55  4.7772 0.64834 0.0000  4.9135 0.63925 0.0000  4.9047 0.50621 0.0000  4.7683 0.51530 0.0000 
56  4.7683 0.51530 0.0000  4.9047 0.50621 0.0000  4.8958 0.37317 0.0000  4.7594 0.38226 0.0000 
57  4.9224 0.77228 0.0000  5.0588 0.76319 0.0000  5.0499 0.63016 0.0000  4.9135 0.63925 0.0000 
58  4.9135 0.63925 0.0000  5.0499 0.63016 0.0000  5.0410 0.49712 0.0000  4.9047 0.50621 0.0000 
59  4.9047 0.50621 0.0000  5.0410 0.49712 0.0000  5.0322 0.36408 0.0000  4.8958 0.37317 0.0000 
60  5.0499 0.63016 0.0000  5.1863 0.62106 0.0000  5.1774 0.48803 0.0000  5.0410 0.49712 0.0000 
61  5.1863 0.62106 0.0000  5.3226 0.61197 0.0000  5.3137 0.47894 0.0000  5.1774 0.48803 0.0000 
62  5.3226 0.61197 0.0000  5.4590 0.60288 0.0000  5.4501 0.46984 0.0000  5.3137 0.47894 0.0000 
63  5.4590 0.60288 0.0000  5.5953 0.59379 0.0000  5.5865 0.46075 0.0000  5.4501 0.46984 0.0000 
64  5.5953 0.59379 0.0000  5.7317 0.58470 0.0000  5.7228 0.45166 0.0000  5.5865 0.46075 0.0000 
65  5.7317 0.58470 0.0000  5.8681 0.57561 0.0000  5.8592 0.44257 0.0000  5.7228 0.45166 0.0000 
66  5.8681 0.57561 0.0000  6.0044 0.56652 0.0000  5.9956 0.43348 0.0000  5.8592 0.44257 0.0000 
67  2.9042 1.5193 0.0000  3.0471 1.5621 0.0000  3.0854 1.4344 0.0000  2.9425 1.3916 0.0000 
68  2.9425 1.3916 0.0000  3.0854 1.4344 0.0000  3.1237 1.3067 0.0000  2.9808 1.2639 0.0000 
69  2.9808 1.2639 0.0000  3.1237 1.3067 0.0000  3.1620 1.1790 0.0000  3.0192 1.1361 0.0000 
70  3.0192 1.1361 0.0000  3.1620 1.1790 0.0000  3.2003 1.0513 0.0000  3.0575 1.0084 0.0000 
71  3.0575 1.0084 0.0000  3.2003 1.0513 0.0000  3.2386 0.92358 0.0000  3.0958 0.88072 0.0000 
72  3.0854 1.4344 0.0000  3.2282 1.4773 0.0000  3.2666 1.3496 0.0000  3.1237 1.3067 0.0000 
73  3.1237 1.3067 0.0000  3.2666 1.3496 0.0000  3.3049 1.2219 0.0000  3.1620 1.1790 0.0000 
74  3.1620 1.1790 0.0000  3.3049 1.2219 0.0000  3.3432 1.0941 0.0000  3.2003 1.0513 0.0000 
75  3.2282 1.4773 0.0000  3.3711 1.5201 0.0000  3.4094 1.3924 0.0000  3.2666 1.3496 0.0000 
76  3.2666 1.3496 0.0000  3.4094 1.3924 0.0000  3.4477 1.2647 0.0000  3.3049 1.2219 0.0000 
77  3.3049 1.2219 0.0000  3.4477 1.2647 0.0000  3.4860 1.1370 0.0000  3.3432 1.0941 0.0000 
78  3.3711 1.5201 0.0000  3.5140 1.5630 0.0000  3.5523 1.4353 0.0000  3.4094 1.3924 0.0000 
79  3.4094 1.3924 0.0000  3.5523 1.4353 0.0000  3.5906 1.3076 0.0000  3.4477 1.2647 0.0000 
80  3.4477 1.2647 0.0000  3.5906 1.3076 0.0000  3.6289 1.1799 0.0000  3.4860 1.1370 0.0000 
81  3.5140 1.5630 0.0000  3.6568 1.6059 0.0000  3.6951 1.4781 0.0000  3.5523 1.4353 0.0000 
82  3.5523 1.4353 0.0000  3.6951 1.4781 0.0000  3.7334 1.3504 0.0000  3.5906 1.3076 0.0000 
83  3.5906 1.3076 0.0000  3.7334 1.3504 0.0000  3.7718 1.2227 0.0000  3.6289 1.1799 0.0000 
84  3.6568 1.6059 0.0000  3.7997 1.6487 0.0000  3.8380 1.5210 0.0000  3.6951 1.4781 0.0000 
85  3.6951 1.4781 0.0000  3.8380 1.5210 0.0000  3.8763 1.3933 0.0000  3.7334 1.3504 0.0000 
86  3.7334 1.3504 0.0000  3.8763 1.3933 0.0000  3.9146 1.2656 0.0000  3.7718 1.2227 0.0000 
87  3.8380 1.5210 0.0000  3.9808 1.5639 0.0000  4.0192 1.4361 0.0000  3.8763 1.3933 0.0000 
88  4.0000 1.5667 0.0000  4.1429 1.5667 0.0000  4.1429 1.4333 0.0000  4.0000 1.4333 0.0000 
89  4.1429 1.5667 0.0000  4.2857 1.5667 0.0000  4.2857 1.4333 0.0000  4.1429 1.4333 0.0000 
90  4.2857 1.5667 0.0000  4.4286 1.5667 0.0000  4.4286 1.4333 0.0000  4.2857 1.4333 0.0000 
91  4.4286 1.5667 0.0000  4.5714 1.5667 0.0000  4.5714 1.4333 0.0000  4.4286 1.4333 0.0000 
92  4.5714 1.5667 0.0000  4.7143 1.5667 0.0000  4.7143 1.4333 0.0000  4.5714 1.4333 0.0000 
93  4.7143 1.5667 0.0000  4.8571 1.5667 0.0000  4.8571 1.4333 0.0000  4.7143 1.4333 0.0000 
94  4.8571 1.5667 0.0000  5.0000 1.5667 0.0000  5.0000 1.4333 0.0000  4.8571 1.4333 0.0000 
