element_index  x0 y0 z0 x1 y1 z1 x2 y2 z2 x3 y3 z3 volume deltaZ
0  2.0000 1.3750 -0.25000 2.2500 1.3750 -0.25000 2.2500 1.1250 -0.25000 2.0000 1.1250 -0.25000 0.015625 0.25000
1  2.0000 1.3750 0.0000 2.2500 1.3750 0.0000 2.2500 1.1250 0.0000 2.0000 1.1250 0.0000 0.015625 0.25000
2  2.0000 1.3750 0.25000 2.2500 1.3750 0.25000 2.2500 1.1250 0.25000 2.0000 1.1250 0.25000 0.015625 0.25000
3  2.0000 1.1250 -0.25000 2.2500 1.1250 -0.25000 2.2500 0.87500 -0.25000 2.0000 0.87500 -0.25000 0.015625 0.25000
4  2.0000 1.1250 0.0000 2.2500 1.1250 0.0000 2.2500 0.87500 0.0000 2.0000 0.87500 0.0000 0.015625 0.25000
5  2.0000 1.1250 0.25000 2.2500 1.1250 0.25000 2.2500 0.87500 0.25000 2.0000 0.87500 0.25000 0.015625 0.25000
6  2.0000 0.87500 -0.25000 2.2500 0.87500 -0.25000 2.2500 0.62500 -0.25000 2.0000 0.62500 -0.25000 0.015625 0.25000
7  2.0000 0.87500 0.0000 2.2500 0.87500 0.0000 2.2500 0.62500 0.0000 2.0000 0.62500 0.0000 0.015625 0.25000
8  2.0000 0.87500 0.25000 2.2500 0.87500 0.25000 2.2500 0.62500 0.25000 2.0000 0.62500 0.25000 0.015625 0.25000
9  2.2500 1.3750 -0.25000 2.5000 1.3750 -0.25000 2.5000 1.1250 -0.25000 2.2500 1.1250 -0.25000 0.015625 0.25000
10  2.2500 1.3750 0.0000 2.5000 1.3750 0.0000 2.5000 1.1250 0.0000 2.2500 1.1250 0.0000 0.015625 0.25000
11  2.2500 1.3750 0.25000 2.5000 1.3750 0.25000 2.5000 1.1250 0.25000 2.2500 1.1250 0.25000 0.015625 0.25000
12  2.2500 1.1250 -0.25000 2.5000 1.1250 -0.25000 2.5000 0.87500 -0.25000 2.2500 0.87500 -0.25000 0.015625 0.25000
13  2.2500 1.1250 0.0000 2.5000 1.1250 0.0000 2.5000 0.87500 0.0000 2.2500 0.87500 0.0000 0.015625 0.25000
14  2.2500 1.1250 0.25000 2.5000 1.1250 0.25000 2.5000 0.87500 0.25000 2.2500 0.87500 0.25000 0.015625 0.25000
15  2.2500 0.87500 -0.25000 2.5000 0.87500 -0.25000 2.5000 0.62500 -0.25000 2.2500 0.62500 -0.25000 0.015625 0.25000
16  2.2500 0.87500 0.0000 2.5000 0.87500 0.0000 2.5000 0.62500 0.0000 2.2500 0.62500 0.0000 0.015625 0.25000
17  2.2500 0.87500 0.25000 2.5000 0.87500 0.25000 2.5000 0.62500 0.25000 2.2500 0.62500 0.25000 0.015625 0.25000
18  2.5000 1.3750 -0.25000 2.7500 1.3750 -0.25000 2.7500 1.1250 -0.25000 2.5000 1.1250 -0.25000 0.015625 0.25000
19  2.5000 1.3750 0.0000 2.7500 1.3750 0.0000 2.7500 1.1250 0.0000 2.5000 1.1250 0.0000 0.015625 0.25000
20  2.5000 1.3750 0.25000 2.7500 1.3750 0.25000 2.7500 1.1250 0.25000 2.5000 1.1250 0.25000 0.015625 0.25000
21  2.5000 1.1250 -0.25000 2.7500 1.1250 -0.25000 2.7500 0.87500 -0.25000 2.5000 0.87500 -0.25000 0.015625 0.25000
22  2.5000 1.1250 0.0000 2.7500 1.1250 0.0000 2.7500 0.87500 0.0000 2.5000 0.87500 0.0000 0.015625 0.25000
23  2.5000 1.1250 0.25000 2.7500 1.1250 0.25000 2.7500 0.87500 0.25000 2.5000 0.87500 0.25000 0.015625 0.25000
24  2.5000 0.87500 -0.25000 2.7500 0.87500 -0.25000 2.7500 0.62500 -0.25000 2.5000 0.62500 -0.25000 0.015625 0.25000
25  2.5000 0.87500 0.0000 2.7500 0.87500 0.0000 2.7500 0.62500 0.0000 2.5000 0.62500 0.0000 0.015625 0.25000
26  2.5000 0.87500 0.25000 2.7500 0.87500 0.25000 2.7500 0.62500 0.25000 2.5000 0.62500 0.25000 0.015625 0.25000
27  2.7500 1.3750 -0.25000 3.0000 1.3750 -0.25000 3.0000 1.1250 -0.25000 2.7500 1.1250 -0.25000 0.015625 0.25000
28  2.7500 1.3750 0.0000 3.0000 1.3750 0.0000 3.0000 1.1250 0.0000 2.7500 1.1250 0.0000 0.015625 0.25000
29  2.7500 1.3750 0.25000 3.0000 1.3750 0.25000 3.0000 1.1250 0.25000 2.7500 1.1250 0.25000 0.015625 0.25000
30  2.7500 1.1250 -0.25000 3.0000 1.1250 -0.25000 3.0000 0.87500 -0.25000 2.7500 0.87500 -0.25000 0.015625 0.25000
31  2.7500 1.1250 0.0000 3.0000 1.1250 0.0000 3.0000 0.87500 0.0000 2.7500 0.87500 0.0000 0.015625 0.25000
32  2.7500 1.1250 0.25000 3.0000 1.1250 0.25000 3.0000 0.87500 0.25000 2.7500 0.87500 0.25000 0.015625 0.25000
33  2.7500 0.87500 -0.25000 3.0000 0.87500 -0.25000 3.0000 0.62500 -0.25000 2.7500 0.62500 -0.25000 0.015625 0.25000
34  2.7500 0.87500 0.0000 3.0000 0.87500 0.0000 3.0000 0.62500 0.0000 2.7500 0.62500 0.0000 0.015625 0.25000
35  2.7500 0.87500 0.25000 3.0000 0.87500 0.25000 3.0000 0.62500 0.25000 2.7500 0.62500 0.25000 0.015625 0.25000
36  3.0133 0.89956 -0.13333 3.1497 0.89047 -0.13333 3.1408 0.75743 -0.13333 3.0044 0.76652 -0.13333 0.0024296 0.13333
37  3.0133 0.89956 0.0000 3.1497 0.89047 0.0000 3.1408 0.75743 0.0000 3.0044 0.76652 0.0000 0.0024296 0.13333
38  3.0133 0.89956 0.13333 3.1497 0.89047 0.13333 3.1408 0.75743 0.13333 3.0044 0.76652 0.13333 0.0024296 0.13333
39  3.0044 0.76652 -0.13333 3.1408 0.75743 -0.13333 3.1319 0.62439 -0.13333 2.9956 0.63348 -0.13333 0.0024296 0.13333
40  3.0044 0.76652 0.0000 3.1408 0.75743 0.0000 3.1319 0.62439 0.0000 2.9956 0.63348 0.0000 0.0024296 0.13333
41  3.0044 0.76652 0.13333 3.1408 0.75743 0.13333 3.1319 0.62439 0.13333 2.9956 0.63348 0.13333 0.0024296 0.13333
42  2.9956 0.63348 -0.13333 3.1319 0.62439 -0.13333 3.1231 0.49135 -0.13333 2.9867 0.50044 -0.13333 0.0024296 0.13333
43  2.9956 0.63348 0.0000 3.1319 0.62439 0.0000 3.1231 0.49135 0.0000 2.9867 0.50044 0.0000 0.0024296 0.13333
44  2.9956 0.63348 0.13333 3.1319 0.62439 0.13333 3.1231 0.49135 0.13333 2.9867 0.50044 0.13333 0.0024296 0.13333
45  3.1497 0.89047 -0.13333 3.2860 0.88138 -0.13333 3.2772 0.74834 -0.13333 3.1408 0.75743 -0.13333 0.0024296 0.13333
46  3.1497 0.89047 0.0000 3.2860 0.88138 0.0000 3.2772 0.74834 0.0000 3.1408 0.75743 0.0000 0.0024296 0.13333
47  3.1497 0.89047 0.13333 3.2860 0.88138 0.13333 3.2772 0.74834 0.13333 3.1408 0.75743 0.13333 0.0024296 0.13333
48  3.1408 0.75743 -0.13333 3.2772 0.74834 -0.13333 3.2683 0.61530 -0.13333 3.1319 0.62439 -0.13333 0.0024296 0.13333
49  3.1408 0.75743 0.0000 3.2772 0.74834 0.0000 3.2683 0.61530 0.0000 3.1319 0.62439 0.0000 0.0024296 0.13333
50  3.1408 0.75743 0.13333 3.2772 0.74834 0.13333 3.2683 0.61530 0.13333 3.1319 0.62439 0.13333 0.0024296 0.13333
51  3.1319 0.62439 -0.13333 3.2683 0.61530 -0.13333 3.2594 0.48226 -0.13333 3.1231 0.49135 -0.13333 0.0024296 0.13333
52  3.1319 0.62439 0.0000 3.2683 0.61530 0.0000 3.2594 0.48226 0.0000 3.1231 0.49135 0.0000 0.0024296 0.13333
53  3.1319 0.62439 0.13333 3.2683 0.61530 0.13333 3.2594 0.48226 0.13333 3.1231 0.49135 0.13333 0.0024296 0.13333
54  3.2860 0.88138 -0.13333 3.4224 0.87228 -0.13333 3.4135 0.73925 -0.13333 3.2772 0.74834 -0.13333 0.0024296 0.13333
55  3.2860 0.88138 0.0000 3.4224 0.87228 0.0000 3.4135 0.73925 0.0000 3.2772 0.74834 0.0000 0.0024296 0.13333
56  3.2860 0.88138 0.13333 3.4224 0.87228 0.13333 3.4135 0.73925 0.13333 3.2772 0.74834 0.13333 0.0024296 0.13333
57  3.2772 0.74834 -0.13333 3.4135 0.73925 -0.13333 3.4047 0.60621 -0.13333 3.2683 0.61530 -0.13333 0.0024296 0.13333
58  3.2772 0.74834 0.0000 3.4135 0.73925 0.0000 3.4047 0.60621 0.0000 3.2683 0.61530 0.0000 0.0024296 0.13333
59  3.2772 0.74834 0.13333 3.4135 0.73925 0.13333 3.4047 0.60621 0.13333 3.2683 0.61530 0.13333 0.0024296 0.13333
60  3.2683 0.61530 -0.13333 3.4047 0.60621 -0.13333 3.3958 0.47317 -0.13333 3.2594 0.48226 -0.13333 0.0024296 0.13333
61  3.2683 0.61530 0.0000 3.4047 0.60621 0.0000 3.3958 0.47317 0.0000 3.2594 0.48226 0.0000 0.0024296 0.13333
62  3.2683 0.61530 0.13333 3.4047 0.60621 0.13333 3.3958 0.47317 0.13333 3.2594 0.48226 0.13333 0.0024296 0.13333
63  3.4224 0.87228 0.0000 3.5588 0.86319 0.0000 3.5499 0.73016 0.0000 3.4135 0.73925 0.0000 0.0024296 0.13333
64  3.4135 0.73925 -0.13333 3.5499 0.73016 -0.13333 3.5410 0.59712 -0.13333 3.4047 0.60621 -0.13333 0.0024296 0.13333
65  3.4135 0.73925 0.0000 3.5499 0.73016 0.0000 3.5410 0.59712 0.0000 3.4047 0.60621 0.0000 0.0024296 0.13333
66  3.4135 0.73925 0.13333 3.5499 0.73016 0.13333 3.5410 0.59712 0.13333 3.4047 0.60621 0.13333 0.0024296 0.13333
67  3.4047 0.60621 0.0000 3.5410 0.59712 0.0000 3.5322 0.46408 0.0000 3.3958 0.47317 0.0000 0.0024296 0.13333
68  3.5588 0.86319 0.0000 3.6951 0.85410 0.0000 3.6863 0.72106 0.0000 3.5499 0.73016 0.0000 0.0024296 0.13333
69  3.5499 0.73016 -0.13333 3.6863 0.72106 -0.13333 3.6774 0.58803 -0.13333 3.5410 0.59712 -0.13333 0.0024296 0.13333
70  3.5499 0.73016 0.0000 3.6863 0.72106 0.0000 3.6774 0.58803 0.0000 3.5410 0.59712 0.0000 0.0024296 0.13333
71  3.5499 0.73016 0.13333 3.6863 0.72106 0.13333 3.6774 0.58803 0.13333 3.5410 0.59712 0.13333 0.0024296 0.13333
72  3.5410 0.59712 0.0000 3.6774 0.58803 0.0000 3.6685 0.45499 0.0000 3.5322 0.46408 0.0000 0.0024296 0.13333
73  3.6951 0.85410 0.0000 3.8315 0.84501 0.0000 3.8226 0.71197 0.0000 3.6863 0.72106 0.0000 0.0024296 0.13333
74  3.6863 0.72106 -0.13333 3.8226 0.71197 -0.13333 3.8137 0.57894 -0.13333 3.6774 0.58803 -0.13333 0.0024296 0.13333
75  3.6863 0.72106 0.0000 3.8226 0.71197 0.0000 3.8137 0.57894 0.0000 3.6774 0.58803 0.0000 0.0024296 0.13333
76  3.6863 0.72106 0.13333 3.8226 0.71197 0.13333 3.8137 0.57894 0.13333 3.6774 0.58803 0.13333 0.0024296 0.13333
77  3.6774 0.58803 0.0000 3.8137 0.57894 0.0000 3.8049 0.44590 0.0000 3.6685 0.45499 0.0000 0.0024296 0.13333
78  3.8315 0.84501 0.0000 3.9678 0.83592 0.0000 3.9590 0.70288 0.0000 3.8226 0.71197 0.0000 0.0024296 0.13333
79  3.8226 0.71197 -0.13333 3.9590 0.70288 -0.13333 3.9501 0.56984 -0.13333 3.8137 0.57894 -0.13333 0.0024296 0.13333
80  3.8226 0.71197 0.0000 3.9590 0.70288 0.0000 3.9501 0.56984 0.0000 3.8137 0.57894 0.0000 0.0024296 0.13333
81  3.8226 0.71197 0.13333 3.9590 0.70288 0.13333 3.9501 0.56984 0.13333 3.8137 0.57894 0.13333 0.0024296 0.13333
82  3.8137 0.57894 0.0000 3.9501 0.56984 0.0000 3.9412 0.43681 0.0000 3.8049 0.44590 0.0000 0.0024296 0.13333
83  3.9678 0.83592 0.0000 4.1042 0.82683 0.0000 4.0953 0.69379 0.0000 3.9590 0.70288 0.0000 0.0024296 0.13333
84  3.9590 0.70288 -0.13333 4.0953 0.69379 -0.13333 4.0865 0.56075 -0.13333 3.9501 0.56984 -0.13333 0.0024296 0.13333
85  3.9590 0.70288 0.0000 4.0953 0.69379 0.0000 4.0865 0.56075 0.0000 3.9501 0.56984 0.0000 0.0024296 0.13333
86  3.9590 0.70288 0.13333 4.0953 0.69379 0.13333 4.0865 0.56075 0.13333 3.9501 0.56984 0.13333 0.0024296 0.13333
87  3.9501 0.56984 0.0000 4.0865 0.56075 0.0000 4.0776 0.42772 0.0000 3.9412 0.43681 0.0000 0.0024296 0.13333
88  4.1042 0.82683 0.0000 4.2406 0.81774 0.0000 4.2317 0.68470 0.0000 4.0953 0.69379 0.0000 0.0024296 0.13333
89  4.0953 0.69379 -0.13333 4.2317 0.68470 -0.13333 4.2228 0.55166 -0.13333 4.0865 0.56075 -0.13333 0.0024296 0.13333
90  4.0953 0.69379 0.0000 4.2317 0.68470 0.0000 4.2228 0.55166 0.0000 4.0865 0.56075 0.0000 0.0024296 0.13333
91  4.0953 0.69379 0.13333 4.2317 0.68470 0.13333 4.2228 0.55166 0.13333 4.0865 0.56075 0.13333 0.0024296 0.13333
92  4.0865 0.56075 0.0000 4.2228 0.55166 0.0000 4.2140 0.41862 0.0000 4.0776 0.42772 0.0000 0.0024296 0.13333
93  4.2406 0.81774 0.0000 4.3769 0.80865 0.0000 4.3681 0.67561 0.0000 4.2317 0.68470 0.0000 0.0024296 0.13333
94  4.2317 0.68470 -0.13333 4.3681 0.67561 -0.13333 4.3592 0.54257 -0.13333 4.2228 0.55166 -0.13333 0.0024296 0.13333
95  4.2317 0.68470 0.0000 4.3681 0.67561 0.0000 4.3592 0.54257 0.0000 4.2228 0.55166 0.0000 0.0024296 0.13333
96  4.2317 0.68470 0.13333 4.3681 0.67561 0.13333 4.3592 0.54257 0.13333 4.2228 0.55166 0.13333 0.0024296 0.13333
97  4.2228 0.55166 0.0000 4.3592 0.54257 0.0000 4.3503 0.40953 0.0000 4.2140 0.41862 0.0000 0.0024296 0.13333
98  4.3769 0.80865 0.0000 4.5133 0.79956 0.0000 4.5044 0.66652 0.0000 4.3681 0.67561 0.0000 0.0024296 0.13333
99  4.3681 0.67561 -0.13333 4.5044 0.66652 -0.13333 4.4956 0.53348 -0.13333 4.3592 0.54257 -0.13333 0.0024296 0.13333
100  4.3681 0.67561 0.0000 4.5044 0.66652 0.0000 4.4956 0.53348 0.0000 4.3592 0.54257 0.0000 0.0024296 0.13333
101  4.3681 0.67561 0.13333 4.5044 0.66652 0.13333 4.4956 0.53348 0.13333 4.3592 0.54257 0.13333 0.0024296 0.13333
102  4.3592 0.54257 0.0000 4.4956 0.53348 0.0000 4.4867 0.40044 0.0000 4.3503 0.40953 0.0000 0.0024296 0.13333
103  4.5133 0.79956 0.0000 4.6497 0.79047 0.0000 4.6408 0.65743 0.0000 4.5044 0.66652 0.0000 0.0024296 0.13333
104  4.5044 0.66652 -0.13333 4.6408 0.65743 -0.13333 4.6319 0.52439 -0.13333 4.4956 0.53348 -0.13333 0.0024296 0.13333
105  4.5044 0.66652 0.0000 4.6408 0.65743 0.0000 4.6319 0.52439 0.0000 4.4956 0.53348 0.0000 0.0024296 0.13333
106  4.5044 0.66652 0.13333 4.6408 0.65743 0.13333 4.6319 0.52439 0.13333 4.4956 0.53348 0.13333 0.0024296 0.13333
107  4.4956 0.53348 0.0000 4.6319 0.52439 0.0000 4.6231 0.39135 0.0000 4.4867 0.40044 0.0000 0.0024296 0.13333
108  4.6497 0.79047 0.0000 4.7860 0.78138 0.0000 4.7772 0.64834 0.0000 4.6408 0.65743 0.0000 0.0024296 0.13333
109  4.6408 0.65743 -0.13333 4.7772 0.64834 -0.13333 4.7683 0.51530 -0.13333 4.6319 0.52439 -0.13333 0.0024296 0.13333
110  4.6408 0.65743 0.0000 4.7772 0.64834 0.0000 4.7683 0.51530 0.0000 4.6319 0.52439 0.0000 0.0024296 0.13333
111  4.6408 0.65743 0.13333 4.7772 0.64834 0.13333 4.7683 0.51530 0.13333 4.6319 0.52439 0.13333 0.0024296 0.13333
112  4.6319 0.52439 0.0000 4.7683 0.51530 0.0000 4.7594 0.38226 0.0000 4.6231 0.39135 0.0000 0.0024296 0.13333
113  4.7860 0.78138 0.0000 4.9224 0.77228 0.0000 4.9135 0.63925 0.0000 4.7772 0.64834 0.0000 0.0024296 0.13333
114  4.7772 0.64834 -0.13333 4.9135 0.63925 -0.13333 4.9047 0.50621 -0.13333 4.7683 0.51530 -0.13333 0.0024296 0.13333
115  4.7772 0.64834 0.0000 4.9135 0.63925 0.0000 4.9047 0.50621 0.0000 4.7683 0.51530 0.0000 0.0024296 0.13333
116  4.7772 0.64834 0.13333 4.9135 0.63925 0.13333 4.9047 0.50621 0.13333 4.7683 0.51530 0.13333 0.0024296 0.13333
117  4.7683 0.51530 0.0000 4.9047 0.50621 0.0000 4.8958 0.37317 0.0000 4.7594 0.38226 0.0000 0.0024296 0.13333
118  4.9224 0.77228 0.0000 5.0588 0.76319 0.0000 5.0499 0.63016 0.0000 4.9135 0.63925 0.0000 0.0024296 0.13333
119  4.9135 0.63925 -0.13333 5.0499 0.63016 -0.13333 5.0410 0.49712 -0.13333 4.9047 0.50621 -0.13333 0.0024296 0.13333
120  4.9135 0.63925 0.0000 5.0499 0.63016 0.0000 5.0410 0.49712 0.0000 4.9047 0.50621 0.0000 0.0024296 0.13333
121  4.9135 0.63925 0.13333 5.0499 0.63016 0.13333 5.0410 0.49712 0.13333 4.9047 0.50621 0.13333 0.0024296 0.13333
122  4.9047 0.50621 0.0000 5.0410 0.49712 0.0000 5.0322 0.36408 0.0000 4.8958 0.37317 0.0000 0.0024296 0.13333
123  5.0499 0.63016 0.0000 5.1863 0.62106 0.0000 5.1774 0.48803 0.0000 5.0410 0.49712 0.0000 0.0024296 0.13333
124  5.1863 0.62106 0.0000 5.3226 0.61197 0.0000 5.3137 0.47894 0.0000 5.1774 0.48803 0.0000 0.0024296 0.13333
125  5.3226 0.61197 0.0000 5.4590 0.60288 0.0000 5.4501 0.46984 0.0000 5.3137 0.47894 0.0000 0.0024296 0.13333
126  5.4590 0.60288 0.0000 5.5953 0.59379 0.0000 5.5865 0.46075 0.0000 5.4501 0.46984 0.0000 0.0024296 0.13333
127  5.5953 0.59379 0.0000 5.7317 0.58470 0.0000 5.7228 0.45166 0.0000 5.5865 0.46075 0.0000 0.0024296 0.13333
128  5.7317 0.58470 0.0000 5.8681 0.57561 0.0000 5.8592 0.44257 0.0000 5.7228 0.45166 0.0000 0.0024296 0.13333
129  5.8681 0.57561 0.0000 6.0044 0.56652 0.0000 5.9956 0.43348 0.0000 5.8592 0.44257 0.0000 0.0024296 0.13333
130  2.9300 1.5259 0.025000 3.0643 1.5528 0.025000 3.0904 1.4220 0.025000 2.9561 1.3952 0.025000 0.0024343 0.13333
131  2.9561 1.3952 -0.10833 3.0904 1.4220 -0.10833 3.1166 1.2913 -0.10833 2.9823 1.2644 -0.10833 0.0024343 0.13333
132  2.9561 1.3952 0.025000 3.0904 1.4220 0.025000 3.1166 1.2913 0.025000 2.9823 1.2644 0.025000 0.0024343 0.13333
133  2.9561 1.3952 0.15833 3.0904 1.4220 0.15833 3.1166 1.2913 0.15833 2.9823 1.2644 0.15833 0.0024343 0.13333
134  2.9823 1.2644 -0.24167 3.1166 1.2913 -0.24167 3.1427 1.1606 -0.24167 3.0084 1.1337 -0.24167 0.0024343 0.13333
135  2.9823 1.2644 -0.10833 3.1166 1.2913 -0.10833 3.1427 1.1606 -0.10833 3.0084 1.1337 -0.10833 0.0024343 0.13333
136  2.9823 1.2644 0.025000 3.1166 1.2913 0.025000 3.1427 1.1606 0.025000 3.0084 1.1337 0.025000 0.0024343 0.13333
137  2.9823 1.2644 0.15833 3.1166 1.2913 0.15833 3.1427 1.1606 0.15833 3.0084 1.1337 0.15833 0.0024343 0.13333
138  2.9823 1.2644 0.29167 3.1166 1.2913 0.29167 3.1427 1.1606 0.29167 3.0084 1.1337 0.29167 0.0024343 0.13333
139  3.0084 1.1337 -0.10833 3.1427 1.1606 -0.10833 3.1689 1.0298 -0.10833 3.0346 1.0030 -0.10833 0.0024343 0.13333
140  3.0084 1.1337 0.025000 3.1427 1.1606 0.025000 3.1689 1.0298 0.025000 3.0346 1.0030 0.025000 0.0024343 0.13333
141  3.0084 1.1337 0.15833 3.1427 1.1606 0.15833 3.1689 1.0298 0.15833 3.0346 1.0030 0.15833 0.0024343 0.13333
142  3.0346 1.0030 0.025000 3.1689 1.0298 0.025000 3.1950 0.89907 0.025000 3.0607 0.87221 0.025000 0.0024343 0.13333
143  3.0811 1.4202 -0.058333 3.2154 1.4470 -0.058333 3.2416 1.3163 -0.058333 3.1073 1.2894 -0.058333 0.0024343 0.13333
144  3.0811 1.4202 0.075000 3.2154 1.4470 0.075000 3.2416 1.3163 0.075000 3.1073 1.2894 0.075000 0.0024343 0.13333
145  3.0811 1.4202 0.20833 3.2154 1.4470 0.20833 3.2416 1.3163 0.20833 3.1073 1.2894 0.20833 0.0024343 0.13333
146  3.1073 1.2894 -0.058333 3.2416 1.3163 -0.058333 3.2677 1.1856 -0.058333 3.1334 1.1587 -0.058333 0.0024343 0.13333
147  3.1073 1.2894 0.075000 3.2416 1.3163 0.075000 3.2677 1.1856 0.075000 3.1334 1.1587 0.075000 0.0024343 0.13333
148  3.1073 1.2894 0.20833 3.2416 1.3163 0.20833 3.2677 1.1856 0.20833 3.1334 1.1587 0.20833 0.0024343 0.13333
149  3.1334 1.1587 -0.058333 3.2677 1.1856 -0.058333 3.2939 1.0548 -0.058333 3.1596 1.0280 -0.058333 0.0024343 0.13333
150  3.1334 1.1587 0.075000 3.2677 1.1856 0.075000 3.2939 1.0548 0.075000 3.1596 1.0280 0.075000 0.0024343 0.13333
151  3.1334 1.1587 0.20833 3.2677 1.1856 0.20833 3.2939 1.0548 0.20833 3.1596 1.0280 0.20833 0.0024343 0.13333
152  3.2061 1.4452 -0.0083333 3.3404 1.4720 -0.0083333 3.3666 1.3413 -0.0083333 3.2323 1.3144 -0.0083333 0.0024343 0.13333
153  3.2061 1.4452 0.12500 3.3404 1.4720 0.12500 3.3666 1.3413 0.12500 3.2323 1.3144 0.12500 0.0024343 0.13333
154  3.2061 1.4452 0.25833 3.3404 1.4720 0.25833 3.3666 1.3413 0.25833 3.2323 1.3144 0.25833 0.0024343 0.13333
155  3.2323 1.3144 -0.0083333 3.3666 1.3413 -0.0083333 3.3927 1.2106 -0.0083333 3.2584 1.1837 -0.0083333 0.0024343 0.13333
156  3.2323 1.3144 0.12500 3.3666 1.3413 0.12500 3.3927 1.2106 0.12500 3.2584 1.1837 0.12500 0.0024343 0.13333
157  3.2323 1.3144 0.25833 3.3666 1.3413 0.25833 3.3927 1.2106 0.25833 3.2584 1.1837 0.25833 0.0024343 0.13333
158  3.2584 1.1837 -0.0083333 3.3927 1.2106 -0.0083333 3.4189 1.0798 -0.0083333 3.2846 1.0530 -0.0083333 0.0024343 0.13333
159  3.2584 1.1837 0.12500 3.3927 1.2106 0.12500 3.4189 1.0798 0.12500 3.2846 1.0530 0.12500 0.0024343 0.13333
160  3.2584 1.1837 0.25833 3.3927 1.2106 0.25833 3.4189 1.0798 0.25833 3.2846 1.0530 0.25833 0.0024343 0.13333
161  3.3311 1.4702 0.041667 3.4654 1.4970 0.041667 3.4916 1.3663 0.041667 3.3573 1.3394 0.041667 0.0024343 0.13333
162  3.3311 1.4702 0.17500 3.4654 1.4970 0.17500 3.4916 1.3663 0.17500 3.3573 1.3394 0.17500 0.0024343 0.13333
163  3.3311 1.4702 0.30833 3.4654 1.4970 0.30833 3.4916 1.3663 0.30833 3.3573 1.3394 0.30833 0.0024343 0.13333
164  3.3573 1.3394 0.041667 3.4916 1.3663 0.041667 3.5177 1.2356 0.041667 3.3834 1.2087 0.041667 0.0024343 0.13333
165  3.3573 1.3394 0.17500 3.4916 1.3663 0.17500 3.5177 1.2356 0.17500 3.3834 1.2087 0.17500 0.0024343 0.13333
166  3.3573 1.3394 0.30833 3.4916 1.3663 0.30833 3.5177 1.2356 0.30833 3.3834 1.2087 0.30833 0.0024343 0.13333
167  3.3834 1.2087 0.041667 3.5177 1.2356 0.041667 3.5439 1.1048 0.041667 3.4096 1.0780 0.041667 0.0024343 0.13333
168  3.3834 1.2087 0.17500 3.5177 1.2356 0.17500 3.5439 1.1048 0.17500 3.4096 1.0780 0.17500 0.0024343 0.13333
169  3.3834 1.2087 0.30833 3.5177 1.2356 0.30833 3.5439 1.1048 0.30833 3.4096 1.0780 0.30833 0.0024343 0.13333
170  3.4561 1.4952 0.22500 3.5904 1.5220 0.22500 3.6166 1.3913 0.22500 3.4823 1.3644 0.22500 0.0024343 0.13333
171  3.4823 1.3644 0.091667 3.6166 1.3913 0.091667 3.6427 1.2606 0.091667 3.5084 1.2337 0.091667 0.0024343 0.13333
172  3.4823 1.3644 0.22500 3.6166 1.3913 0.22500 3.6427 1.2606 0.22500 3.5084 1.2337 0.22500 0.0024343 0.13333
173  3.4823 1.3644 0.35833 3.6166 1.3913 0.35833 3.6427 1.2606 0.35833 3.5084 1.2337 0.35833 0.0024343 0.13333
174  3.5084 1.2337 0.22500 3.6427 1.2606 0.22500 3.6689 1.1298 0.22500 3.5346 1.1030 0.22500 0.0024343 0.13333
175  3.5811 1.5202 0.27500 3.7154 1.5470 0.27500 3.7416 1.4163 0.27500 3.6073 1.3894 0.27500 0.0024343 0.13333
176  3.6073 1.3894 0.14167 3.7416 1.4163 0.14167 3.7677 1.2856 0.14167 3.6334 1.2587 0.14167 0.0024343 0.13333
177  3.6073 1.3894 0.27500 3.7416 1.4163 0.27500 3.7677 1.2856 0.27500 3.6334 1.2587 0.27500 0.0024343 0.13333
178  3.6073 1.3894 0.40833 3.7416 1.4163 0.40833 3.7677 1.2856 0.40833 3.6334 1.2587 0.40833 0.0024343 0.13333
179  3.6334 1.2587 0.27500 3.7677 1.2856 0.27500 3.7939 1.1548 0.27500 3.6596 1.1280 0.27500 0.0024343 0.13333
180  3.7061 1.5452 0.32500 3.8404 1.5720 0.32500 3.8666 1.4413 0.32500 3.7323 1.4144 0.32500 0.0024343 0.13333
181  3.7323 1.4144 0.19167 3.8666 1.4413 0.19167 3.8927 1.3106 0.19167 3.7584 1.2837 0.19167 0.0024343 0.13333
182  3.7323 1.4144 0.32500 3.8666 1.4413 0.32500 3.8927 1.3106 0.32500 3.7584 1.2837 0.32500 0.0024343 0.13333
183  3.7323 1.4144 0.45833 3.8666 1.4413 0.45833 3.8927 1.3106 0.45833 3.7584 1.2837 0.45833 0.0024343 0.13333
184  3.7584 1.2837 0.32500 3.8927 1.3106 0.32500 3.9189 1.1798 0.32500 3.7846 1.1530 0.32500 0.0024343 0.13333
185  3.8573 1.4394 0.37500 3.9916 1.4663 0.37500 4.0177 1.3356 0.37500 3.8834 1.3087 0.37500 0.0024343 0.13333
186  4.0206 1.4636 0.42500 4.1539 1.4102 0.42500 4.1044 1.2864 0.42500 3.9711 1.3398 0.42500 0.0025531 0.13333
187  4.1456 1.4136 0.47500 4.2789 1.3602 0.47500 4.2294 1.2364 0.47500 4.0961 1.2898 0.47500 0.0025531 0.13333
188  4.2706 1.3636 0.52500 4.4039 1.3102 0.52500 4.3544 1.1864 0.52500 4.2211 1.2398 0.52500 0.0025531 0.13333
189  4.3956 1.3136 0.57500 4.5289 1.2602 0.57500 4.4794 1.1364 0.57500 4.3461 1.1898 0.57500 0.0025531 0.13333
190  4.5206 1.2636 0.62500 4.6539 1.2102 0.62500 4.6044 1.0864 0.62500 4.4711 1.1398 0.62500 0.0025531 0.13333
191  4.6456 1.2136 0.67500 4.7789 1.1602 0.67500 4.7294 1.0364 0.67500 4.5961 1.0898 0.67500 0.0025531 0.13333
192  4.7706 1.1636 0.72500 4.9039 1.1102 0.72500 4.8544 0.98643 0.72500 4.7211 1.0398 0.72500 0.0025531 0.13333
193  4.8956 1.1136 0.77500 5.0289 1.0602 0.77500 4.9794 0.93643 0.77500 4.8461 0.98977 0.77500 0.0025531 0.13333
194  2.0750 1.4679 0.25000 2.0750 1.3750 0.25000 2.1750 1.3750 0.25000 2.1750 1.4679 0.25000 0.00072930 0.050000
195  2.0750 1.5607 0.25000 2.0750 1.4679 0.25000 2.1750 1.4679 0.25000 2.1750 1.5607 0.25000 0.00072930 0.050000
196  2.0750 1.6536 0.25000 2.0750 1.5607 0.25000 2.1750 1.5607 0.25000 2.1750 1.6536 0.25000 0.00072930 0.050000
197  2.0571 1.7464 0.25000 2.0750 1.6536 0.25000 2.1750 1.6536 0.25000 2.1929 1.7464 0.25000 0.0010208 0.058929
198  2.0339 1.8393 0.25000 2.0571 1.7464 0.25000 2.1929 1.7464 0.25000 2.2161 1.8393 0.25000 0.0018552 0.079464
199  2.0250 1.9321 0.25000 2.0339 1.8393 0.25000 2.2161 1.8393 0.25000 2.2250 1.9321 0.25000 0.0026645 0.095536
200  2.1000 2.0250 0.25000 2.0250 1.9321 0.25000 2.2250 1.9321 0.25000 2.1500 2.0250 0.25000 0.0012763 0.062500
201  2.6750 0.53214 -0.25000 2.6750 0.62500 -0.25000 2.5750 0.62500 -0.25000 2.5750 0.53214 -0.25000 0.00072930 0.050000
202  2.6750 0.43929 -0.25000 2.6750 0.53214 -0.25000 2.5750 0.53214 -0.25000 2.5750 0.43929 -0.25000 0.00072930 0.050000
203  2.6750 0.34643 -0.25000 2.6750 0.43929 -0.25000 2.5750 0.43929 -0.25000 2.5750 0.34643 -0.25000 0.00072930 0.050000
204  2.6929 0.25357 -0.25000 2.6750 0.34643 -0.25000 2.5750 0.34643 -0.25000 2.5571 0.25357 -0.25000 0.0010208 0.058929
205  2.7161 0.16071 -0.25000 2.6929 0.25357 -0.25000 2.5571 0.25357 -0.25000 2.5339 0.16071 -0.25000 0.0018552 0.079464
206  2.7250 0.067857 -0.25000 2.7161 0.16071 -0.25000 2.5339 0.16071 -0.25000 2.5250 0.067857 -0.25000 0.0026645 0.095536
207  2.6500 -0.025000 -0.25000 2.7250 0.067857 -0.25000 2.5250 0.067857 -0.25000 2.6000 -0.025000 -0.25000 0.0012763 0.062500
208  2.6750 0.53214 0.0000 2.6750 0.62500 0.0000 2.5750 0.62500 0.0000 2.5750 0.53214 0.0000 0.00072930 0.050000
209  2.6750 0.43929 0.0000 2.6750 0.53214 0.0000 2.5750 0.53214 0.0000 2.5750 0.43929 0.0000 0.00072930 0.050000
210  2.6750 0.34643 0.0000 2.6750 0.43929 0.0000 2.5750 0.43929 0.0000 2.5750 0.34643 0.0000 0.00072930 0.050000
211  2.6929 0.25357 0.0000 2.6750 0.34643 0.0000 2.5750 0.34643 0.0000 2.5571 0.25357 0.0000 0.0010208 0.058929
212  2.7161 0.16071 0.0000 2.6929 0.25357 0.0000 2.5571 0.25357 0.0000 2.5339 0.16071 0.0000 0.0018552 0.079464
213  2.7250 0.067857 0.0000 2.7161 0.16071 0.0000 2.5339 0.16071 0.0000 2.5250 0.067857 0.0000 0.0026645 0.095536
214  2.6500 -0.025000 0.0000 2.7250 0.067857 0.0000 2.5250 0.067857 0.0000 2.6000 -0.025000 0.0000 0.0012763 0.062500
215  2.0750 1.4750 -0.25000 2.0750 1.3750 -0.25000 2.1750 1.3750 -0.25000 2.1750 1.4750 -0.25000 0.00078540 0.050000
216  2.0750 1.5750 -0.25000 2.0750 1.4750 -0.25000 2.1750 1.4750 -0.25000 2.1750 1.5750 -0.25000 0.00078540 0.050000
217  2.0750 1.6750 -0.25000 2.0750 1.5750 -0.25000 2.1750 1.5750 -0.25000 2.1750 1.6750 -0.25000 0.00078540 0.050000
218  2.0750 1.7750 -0.25000 2.0750 1.6750 -0.25000 2.1750 1.6750 -0.25000 2.1750 1.7750 -0.25000 0.00078540 0.050000
219  2.0750 1.8750 -0.25000 2.0750 1.7750 -0.25000 2.1750 1.7750 -0.25000 2.1750 1.8750 -0.25000 0.00078540 0.050000
220  2.0750 1.9750 -0.25000 2.0750 1.8750 -0.25000 2.1750 1.8750 -0.25000 2.1750 1.9750 -0.25000 0.00078540 0.050000
221  2.4250 0.52500 0.25000 2.4250 0.62500 0.25000 2.3250 0.62500 0.25000 2.3250 0.52500 0.25000 0.00078540 0.050000
222  2.4250 0.42500 0.25000 2.4250 0.52500 0.25000 2.3250 0.52500 0.25000 2.3250 0.42500 0.25000 0.00078540 0.050000
223  2.4250 0.32500 0.25000 2.4250 0.42500 0.25000 2.3250 0.42500 0.25000 2.3250 0.32500 0.25000 0.00078540 0.050000
224  2.4250 0.22500 0.25000 2.4250 0.32500 0.25000 2.3250 0.32500 0.25000 2.3250 0.22500 0.25000 0.00078540 0.050000
225  2.4250 0.12500 0.25000 2.4250 0.22500 0.25000 2.3250 0.22500 0.25000 2.3250 0.12500 0.25000 0.00078540 0.050000
226  2.4250 0.025000 0.25000 2.4250 0.12500 0.25000 2.3250 0.12500 0.25000 2.3250 0.025000 0.25000 0.00078540 0.050000
227  2.9250 0.52500 0.0000 2.9250 0.62500 0.0000 2.8250 0.62500 0.0000 2.8250 0.52500 0.0000 0.00078540 0.050000
228  2.9250 0.42500 0.0000 2.9250 0.52500 0.0000 2.8250 0.52500 0.0000 2.8250 0.42500 0.0000 0.00078540 0.050000
229  2.9250 0.32500 0.0000 2.9250 0.42500 0.0000 2.8250 0.42500 0.0000 2.8250 0.32500 0.0000 0.00078540 0.050000
230  2.9250 0.22500 0.0000 2.9250 0.32500 0.0000 2.8250 0.32500 0.0000 2.8250 0.22500 0.0000 0.00078540 0.050000
231  2.9250 0.12500 0.0000 2.9250 0.22500 0.0000 2.8250 0.22500 0.0000 2.8250 0.12500 0.0000 0.00078540 0.050000
232  2.9250 0.025000 0.0000 2.9250 0.12500 0.0000 2.8250 0.12500 0.0000 2.8250 0.025000 0.0000 0.00078540 0.050000
