element_index  x0 y0 z0 x1 y1 z1 x2 y2 z2 x3 y3 z3
0  2.9000 1.4750 -0.20000  2.9500 1.4750 -0.20000  2.9500 1.4250 -0.20000  2.9000 1.4250 -0.20000 
1  2.9000 1.4750 -0.15000  2.9500 1.4750 -0.15000  2.9500 1.4250 -0.15000  2.9000 1.4250 -0.15000 
2  2.9000 1.4750 -0.10000  2.9500 1.4750 -0.10000  2.9500 1.4250 -0.10000  2.9000 1.4250 -0.10000 
3  2.9000 1.4750 -0.050000  2.9500 1.4750 -0.050000  2.9500 1.4250 -0.050000  2.9000 1.4250 -0.050000 
4  2.9000 1.4750 0.0000  2.9500 1.4750 0.0000  2.9500 1.4250 0.0000  2.9000 1.4250 0.0000 
5  2.9000 1.4750 0.050000  2.9500 1.4750 0.050000  2.9500 1.4250 0.050000  2.9000 1.4250 0.050000 
6  2.9000 1.4750 0.10000  2.9500 1.4750 0.10000  2.9500 1.4250 0.10000  2.9000 1.4250 0.10000 
7  2.9000 1.4750 0.15000  2.9500 1.4750 0.15000  2.9500 1.4250 0.15000  2.9000 1.4250 0.15000 
8  2.9000 1.4750 0.20000  2.9500 1.4750 0.20000  2.9500 1.4250 0.20000  2.9000 1.4250 0.20000 
9  2.9000 1.4250 -0.25000  2.9500 1.4250 -0.25000  2.9500 1.3750 -0.25000  2.9000 1.3750 -0.25000 
10  2.9000 1.4250 -0.20000  2.9500 1.4250 -0.20000  2.9500 1.3750 -0.20000  2.9000 1.3750 -0.20000 
11  2.9000 1.4250 -0.15000  2.9500 1.4250 -0.15000  2.9500 1.3750 -0.15000  2.9000 1.3750 -0.15000 
12  2.9000 1.4250 -0.10000  2.9500 1.4250 -0.10000  2.9500 1.3750 -0.10000  2.9000 1.3750 -0.10000 
13  2.9000 1.4250 -0.050000  2.9500 1.4250 -0.050000  2.9500 1.3750 -0.050000  2.9000 1.3750 -0.050000 
14  2.9000 1.4250 0.0000  2.9500 1.4250 0.0000  2.9500 1.3750 0.0000  2.9000 1.3750 0.0000 
15  2.9000 1.4250 0.050000  2.9500 1.4250 0.050000  2.9500 1.3750 0.050000  2.9000 1.3750 0.050000 
16  2.9000 1.4250 0.10000  2.9500 1.4250 0.10000  2.9500 1.3750 0.10000  2.9000 1.3750 0.10000 
17  2.9000 1.4250 0.15000  2.9500 1.4250 0.15000  2.9500 1.3750 0.15000  2.9000 1.3750 0.15000 
18  2.9000 1.4250 0.20000  2.9500 1.4250 0.20000  2.9500 1.3750 0.20000  2.9000 1.3750 0.20000 
19  2.9000 1.4250 0.25000  2.9500 1.4250 0.25000  2.9500 1.3750 0.25000  2.9000 1.3750 0.25000 
20  2.9000 1.3750 -0.35000  2.9500 1.3750 -0.35000  2.9500 1.3250 -0.35000  2.9000 1.3250 -0.35000 
21  2.9000 1.3750 -0.30000  2.9500 1.3750 -0.30000  2.9500 1.3250 -0.30000  2.9000 1.3250 -0.30000 
22  2.9000 1.3750 -0.25000  2.9500 1.3750 -0.25000  2.9500 1.3250 -0.25000  2.9000 1.3250 -0.25000 
23  2.9000 1.3750 -0.20000  2.9500 1.3750 -0.20000  2.9500 1.3250 -0.20000  2.9000 1.3250 -0.20000 
24  2.9000 1.3750 -0.15000  2.9500 1.3750 -0.15000  2.9500 1.3250 -0.15000  2.9000 1.3250 -0.15000 
25  2.9000 1.3750 -0.10000  2.9500 1.3750 -0.10000  2.9500 1.3250 -0.10000  2.9000 1.3250 -0.10000 
26  2.9000 1.3750 -0.050000  2.9500 1.3750 -0.050000  2.9500 1.3250 -0.050000  2.9000 1.3250 -0.050000 
27  2.9000 1.3750 0.0000  2.9500 1.3750 0.0000  2.9500 1.3250 0.0000  2.9000 1.3250 0.0000 
28  2.9000 1.3750 0.050000  2.9500 1.3750 0.050000  2.9500 1.3250 0.050000  2.9000 1.3250 0.050000 
29  2.9000 1.3750 0.10000  2.9500 1.3750 0.10000  2.9500 1.3250 0.10000  2.9000 1.3250 0.10000 
30  2.9000 1.3750 0.15000  2.9500 1.3750 0.15000  2.9500 1.3250 0.15000  2.9000 1.3250 0.15000 
31  2.9000 1.3750 0.20000  2.9500 1.3750 0.20000  2.9500 1.3250 0.20000  2.9000 1.3250 0.20000 
32  2.9000 1.3750 0.25000  2.9500 1.3750 0.25000  2.9500 1.3250 0.25000  2.9000 1.3250 0.25000 
33  2.9000 1.3750 0.30000  2.9500 1.3750 0.30000  2.9500 1.3250 0.30000  2.9000 1.3250 0.30000 
34  2.9000 1.3750 0.35000  2.9500 1.3750 0.35000  2.9500 1.3250 0.35000  2.9000 1.3250 0.35000 
35  2.9000 1.3250 -0.35000  2.9500 1.3250 -0.35000  2.9500 1.2750 -0.35000  2.9000 1.2750 -0.35000 
36  2.9000 1.3250 -0.30000  2.9500 1.3250 -0.30000  2.9500 1.2750 -0.30000  2.9000 1.2750 -0.30000 
37  2.9000 1.3250 -0.25000  2.9500 1.3250 -0.25000  2.9500 1.2750 -0.25000  2.9000 1.2750 -0.25000 
38  2.9000 1.3250 -0.20000  2.9500 1.3250 -0.20000  2.9500 1.2750 -0.20000  2.9000 1.2750 -0.20000 
39  2.9000 1.3250 -0.15000  2.9500 1.3250 -0.15000  2.9500 1.2750 -0.15000  2.9000 1.2750 -0.15000 
40  2.9000 1.3250 -0.10000  2.9500 1.3250 -0.10000  2.9500 1.2750 -0.10000  2.9000 1.2750 -0.10000 
41  2.9000 1.3250 -0.050000  2.9500 1.3250 -0.050000  2.9500 1.2750 -0.050000  2.9000 1.2750 -0.050000 
42  2.9000 1.3250 0.0000  2.9500 1.3250 0.0000  2.9500 1.2750 0.0000  2.9000 1.2750 0.0000 
43  2.9000 1.3250 0.050000  2.9500 1.3250 0.050000  2.9500 1.2750 0.050000  2.9000 1.2750 0.050000 
44  2.9000 1.3250 0.10000  2.9500 1.3250 0.10000  2.9500 1.2750 0.10000  2.9000 1.2750 0.10000 
45  2.9000 1.3250 0.15000  2.9500 1.3250 0.15000  2.9500 1.2750 0.15000  2.9000 1.2750 0.15000 
46  2.9000 1.3250 0.20000  2.9500 1.3250 0.20000  2.9500 1.2750 0.20000  2.9000 1.2750 0.20000 
47  2.9000 1.3250 0.25000  2.9500 1.3250 0.25000  2.9500 1.2750 0.25000  2.9000 1.2750 0.25000 
48  2.9000 1.3250 0.30000  2.9500 1.3250 0.30000  2.9500 1.2750 0.30000  2.9000 1.2750 0.30000 
49  2.9000 1.3250 0.35000  2.9500 1.3250 0.35000  2.9500 1.2750 0.35000  2.9000 1.2750 0.35000 
50  2.9000 1.2750 -0.40000  2.9500 1.2750 -0.40000  2.9500 1.2250 -0.40000  2.9000 1.2250 -0.40000 
51  2.9000 1.2750 -0.35000  2.9500 1.2750 -0.35000  2.9500 1.2250 -0.35000  2.9000 1.2250 -0.35000 
52  2.9000 1.2750 -0.30000  2.9500 1.2750 -0.30000  2.9500 1.2250 -0.30000  2.9000 1.2250 -0.30000 
53  2.9000 1.2750 -0.25000  2.9500 1.2750 -0.25000  2.9500 1.2250 -0.25000  2.9000 1.2250 -0.25000 
54  2.9000 1.2750 -0.20000  2.9500 1.2750 -0.20000  2.9500 1.2250 -0.20000  2.9000 1.2250 -0.20000 
55  2.9000 1.2750 -0.15000  2.9500 1.2750 -0.15000  2.9500 1.2250 -0.15000  2.9000 1.2250 -0.15000 
56  2.9000 1.2750 -0.10000  2.9500 1.2750 -0.10000  2.9500 1.2250 -0.10000  2.9000 1.2250 -0.10000 
57  2.9000 1.2750 -0.050000  2.9500 1.2750 -0.050000  2.9500 1.2250 -0.050000  2.9000 1.2250 -0.050000 
58  2.9000 1.2750 0.0000  2.9500 1.2750 0.0000  2.9500 1.2250 0.0000  2.9000 1.2250 0.0000 
59  2.9000 1.2750 0.050000  2.9500 1.2750 0.050000  2.9500 1.2250 0.050000  2.9000 1.2250 0.050000 
60  2.9000 1.2750 0.10000  2.9500 1.2750 0.10000  2.9500 1.2250 0.10000  2.9000 1.2250 0.10000 
61  2.9000 1.2750 0.15000  2.9500 1.2750 0.15000  2.9500 1.2250 0.15000  2.9000 1.2250 0.15000 
62  2.9000 1.2750 0.20000  2.9500 1.2750 0.20000  2.9500 1.2250 0.20000  2.9000 1.2250 0.20000 
63  2.9000 1.2750 0.25000  2.9500 1.2750 0.25000  2.9500 1.2250 0.25000  2.9000 1.2250 0.25000 
64  2.9000 1.2750 0.30000  2.9500 1.2750 0.30000  2.9500 1.2250 0.30000  2.9000 1.2250 0.30000 
65  2.9000 1.2750 0.35000  2.9500 1.2750 0.35000  2.9500 1.2250 0.35000  2.9000 1.2250 0.35000 
66  2.9000 1.2750 0.40000  2.9500 1.2750 0.40000  2.9500 1.2250 0.40000  2.9000 1.2250 0.40000 
67  2.9000 1.2250 -0.45000  2.9500 1.2250 -0.45000  2.9500 1.1750 -0.45000  2.9000 1.1750 -0.45000 
68  2.9000 1.2250 -0.40000  2.9500 1.2250 -0.40000  2.9500 1.1750 -0.40000  2.9000 1.1750 -0.40000 
69  2.9000 1.2250 -0.35000  2.9500 1.2250 -0.35000  2.9500 1.1750 -0.35000  2.9000 1.1750 -0.35000 
70  2.9000 1.2250 -0.30000  2.9500 1.2250 -0.30000  2.9500 1.1750 -0.30000  2.9000 1.1750 -0.30000 
71  2.9000 1.2250 -0.25000  2.9500 1.2250 -0.25000  2.9500 1.1750 -0.25000  2.9000 1.1750 -0.25000 
72  2.9000 1.2250 -0.20000  2.9500 1.2250 -0.20000  2.9500 1.1750 -0.20000  2.9000 1.1750 -0.20000 
73  2.9000 1.2250 -0.15000  2.9500 1.2250 -0.15000  2.9500 1.1750 -0.15000  2.9000 1.1750 -0.15000 
74  2.9000 1.2250 -0.10000  2.9500 1.2250 -0.10000  2.9500 1.1750 -0.10000  2.9000 1.1750 -0.10000 
75  2.9000 1.2250 -0.050000  2.9500 1.2250 -0.050000  2.9500 1.1750 -0.050000  2.9000 1.1750 -0.050000 
76  2.9000 1.2250 0.0000  2.9500 1.2250 0.0000  2.9500 1.1750 0.0000  2.9000 1.1750 0.0000 
77  2.9000 1.2250 0.050000  2.9500 1.2250 0.050000  2.9500 1.1750 0.050000  2.9000 1.1750 0.050000 
78  2.9000 1.2250 0.10000  2.9500 1.2250 0.10000  2.9500 1.1750 0.10000  2.9000 1.1750 0.10000 
79  2.9000 1.2250 0.15000  2.9500 1.2250 0.15000  2.9500 1.1750 0.15000  2.9000 1.1750 0.15000 
80  2.9000 1.2250 0.20000  2.9500 1.2250 0.20000  2.9500 1.1750 0.20000  2.9000 1.1750 0.20000 
81  2.9000 1.2250 0.25000  2.9500 1.2250 0.25000  2.9500 1.1750 0.25000  2.9000 1.1750 0.25000 
82  2.9000 1.2250 0.30000  2.9500 1.2250 0.30000  2.9500 1.1750 0.30000  2.9000 1.1750 0.30000 
83  2.9000 1.2250 0.35000  2.9500 1.2250 0.35000  2.9500 1.1750 0.35000  2.9000 1.1750 0.35000 
84  2.9000 1.2250 0.40000  2.9500 1.2250 0.40000  2.9500 1.1750 0.40000  2.9000 1.1750 0.40000 
85  2.9000 1.2250 0.45000  2.9500 1.2250 0.45000  2.9500 1.1750 0.45000  2.9000 1.1750 0.45000 
86  2.9000 1.1750 -0.45000  2.9500 1.1750 -0.45000  2.9500 1.1250 -0.45000  2.9000 1.1250 -0.45000 
87  2.9000 1.1750 -0.40000  2.9500 1.1750 -0.40000  2.9500 1.1250 -0.40000  2.9000 1.1250 -0.40000 
88  2.9000 1.1750 -0.35000  2.9500 1.1750 -0.35000  2.9500 1.1250 -0.35000  2.9000 1.1250 -0.35000 
89  2.9000 1.1750 -0.30000  2.9500 1.1750 -0.30000  2.9500 1.1250 -0.30000  2.9000 1.1250 -0.30000 
90  2.9000 1.1750 -0.25000  2.9500 1.1750 -0.25000  2.9500 1.1250 -0.25000  2.9000 1.1250 -0.25000 
91  2.9000 1.1750 -0.20000  2.9500 1.1750 -0.20000  2.9500 1.1250 -0.20000  2.9000 1.1250 -0.20000 
92  2.9000 1.1750 -0.15000  2.9500 1.1750 -0.15000  2.9500 1.1250 -0.15000  2.9000 1.1250 -0.15000 
93  2.9000 1.1750 -0.10000  2.9500 1.1750 -0.10000  2.9500 1.1250 -0.10000  2.9000 1.1250 -0.10000 
94  2.9000 1.1750 -0.050000  2.9500 1.1750 -0.050000  2.9500 1.1250 -0.050000  2.9000 1.1250 -0.050000 
95  2.9000 1.1750 0.0000  2.9500 1.1750 0.0000  2.9500 1.1250 0.0000  2.9000 1.1250 0.0000 
96  2.9000 1.1750 0.050000  2.9500 1.1750 0.050000  2.9500 1.1250 0.050000  2.9000 1.1250 0.050000 
97  2.9000 1.1750 0.10000  2.9500 1.1750 0.10000  2.9500 1.1250 0.10000  2.9000 1.1250 0.10000 
98  2.9000 1.1750 0.15000  2.9500 1.1750 0.15000  2.9500 1.1250 0.15000  2.9000 1.1250 0.15000 
99  2.9000 1.1750 0.20000  2.9500 1.1750 0.20000  2.9500 1.1250 0.20000  2.9000 1.1250 0.20000 
100  2.9000 1.1750 0.25000  2.9500 1.1750 0.25000  2.9500 1.1250 0.25000  2.9000 1.1250 0.25000 
101  2.9000 1.1750 0.30000  2.9500 1.1750 0.30000  2.9500 1.1250 0.30000  2.9000 1.1250 0.30000 
102  2.9000 1.1750 0.35000  2.9500 1.1750 0.35000  2.9500 1.1250 0.35000  2.9000 1.1250 0.35000 
103  2.9000 1.1750 0.40000  2.9500 1.1750 0.40000  2.9500 1.1250 0.40000  2.9000 1.1250 0.40000 
104  2.9000 1.1750 0.45000  2.9500 1.1750 0.45000  2.9500 1.1250 0.45000  2.9000 1.1250 0.45000 
105  2.9000 1.1250 -0.45000  2.9500 1.1250 -0.45000  2.9500 1.0750 -0.45000  2.9000 1.0750 -0.45000 
106  2.9000 1.1250 -0.40000  2.9500 1.1250 -0.40000  2.9500 1.0750 -0.40000  2.9000 1.0750 -0.40000 
107  2.9000 1.1250 -0.35000  2.9500 1.1250 -0.35000  2.9500 1.0750 -0.35000  2.9000 1.0750 -0.35000 
108  2.9000 1.1250 -0.30000  2.9500 1.1250 -0.30000  2.9500 1.0750 -0.30000  2.9000 1.0750 -0.30000 
109  2.9000 1.1250 -0.25000  2.9500 1.1250 -0.25000  2.9500 1.0750 -0.25000  2.9000 1.0750 -0.25000 
110  2.9000 1.1250 -0.20000  2.9500 1.1250 -0.20000  2.9500 1.0750 -0.20000  2.9000 1.0750 -0.20000 
111  2.9000 1.1250 -0.15000  2.9500 1.1250 -0.15000  2.9500 1.0750 -0.15000  2.9000 1.0750 -0.15000 
112  2.9000 1.1250 -0.10000  2.9500 1.1250 -0.10000  2.9500 1.0750 -0.10000  2.9000 1.0750 -0.10000 
113  2.9000 1.1250 -0.050000  2.9500 1.1250 -0.050000  2.9500 1.0750 -0.050000  2.9000 1.0750 -0.050000 
114  2.9000 1.1250 0.0000  2.9500 1.1250 0.0000  2.9500 1.0750 0.0000  2.9000 1.0750 0.0000 
115  2.9000 1.1250 0.050000  2.9500 1.1250 0.050000  2.9500 1.0750 0.050000  2.9000 1.0750 0.050000 
116  2.9000 1.1250 0.10000  2.9500 1.1250 0.10000  2.9500 1.0750 0.10000  2.9000 1.0750 0.10000 
117  2.9000 1.1250 0.15000  2.9500 1.1250 0.15000  2.9500 1.0750 0.15000  2.9000 1.0750 0.15000 
118  2.9000 1.1250 0.20000  2.9500 1.1250 0.20000  2.9500 1.0750 0.20000  2.9000 1.0750 0.20000 
119  2.9000 1.1250 0.25000  2.9500 1.1250 0.25000  2.9500 1.0750 0.25000  2.9000 1.0750 0.25000 
120  2.9000 1.1250 0.30000  2.9500 1.1250 0.30000  2.9500 1.0750 0.30000  2.9000 1.0750 0.30000 
121  2.9000 1.1250 0.35000  2.9500 1.1250 0.35000  2.9500 1.0750 0.35000  2.9000 1.0750 0.35000 
122  2.9000 1.1250 0.40000  2.9500 1.1250 0.40000  2.9500 1.0750 0.40000  2.9000 1.0750 0.40000 
123  2.9000 1.1250 0.45000  2.9500 1.1250 0.45000  2.9500 1.0750 0.45000  2.9000 1.0750 0.45000 
124  2.9000 1.0750 -0.45000  2.9500 1.0750 -0.45000  2.9500 1.0250 -0.45000  2.9000 1.0250 -0.45000 
125  2.9000 1.0750 -0.40000  2.9500 1.0750 -0.40000  2.9500 1.0250 -0.40000  2.9000 1.0250 -0.40000 
126  2.9000 1.0750 -0.35000  2.9500 1.0750 -0.35000  2.9500 1.0250 -0.35000  2.9000 1.0250 -0.35000 
127  2.9000 1.0750 -0.30000  2.9500 1.0750 -0.30000  2.9500 1.0250 -0.30000  2.9000 1.0250 -0.30000 
128  2.9000 1.0750 -0.25000  2.9500 1.0750 -0.25000  2.9500 1.0250 -0.25000  2.9000 1.0250 -0.25000 
129  2.9000 1.0750 -0.20000  2.9500 1.0750 -0.20000  2.9500 1.0250 -0.20000  2.9000 1.0250 -0.20000 
130  2.9000 1.0750 -0.15000  2.9500 1.0750 -0.15000  2.9500 1.0250 -0.15000  2.9000 1.0250 -0.15000 
131  2.9000 1.0750 -0.10000  2.9500 1.0750 -0.10000  2.9500 1.0250 -0.10000  2.9000 1.0250 -0.10000 
132  2.9000 1.0750 -0.050000  2.9500 1.0750 -0.050000  2.9500 1.0250 -0.050000  2.9000 1.0250 -0.050000 
133  2.9000 1.0750 0.0000  2.9500 1.0750 0.0000  2.9500 1.0250 0.0000  2.9000 1.0250 0.0000 
134  2.9000 1.0750 0.050000  2.9500 1.0750 0.050000  2.9500 1.0250 0.050000  2.9000 1.0250 0.050000 
135  2.9000 1.0750 0.10000  2.9500 1.0750 0.10000  2.9500 1.0250 0.10000  2.9000 1.0250 0.10000 
136  2.9000 1.0750 0.15000  2.9500 1.0750 0.15000  2.9500 1.0250 0.15000  2.9000 1.0250 0.15000 
137  2.9000 1.0750 0.20000  2.9500 1.0750 0.20000  2.9500 1.0250 0.20000  2.9000 1.0250 0.20000 
138  2.9000 1.0750 0.25000  2.9500 1.0750 0.25000  2.9500 1.0250 0.25000  2.9000 1.0250 0.25000 
139  2.9000 1.0750 0.30000  2.9500 1.0750 0.30000  2.9500 1.0250 0.30000  2.9000 1.0250 0.30000 
140  2.9000 1.0750 0.35000  2.9500 1.0750 0.35000  2.9500 1.0250 0.35000  2.9000 1.0250 0.35000 
141  2.9000 1.0750 0.40000  2.9500 1.0750 0.40000  2.9500 1.0250 0.40000  2.9000 1.0250 0.40000 
142  2.9000 1.0750 0.45000  2.9500 1.0750 0.45000  2.9500 1.0250 0.45000  2.9000 1.0250 0.45000 
143  2.9000 1.0250 -0.45000  2.9500 1.0250 -0.45000  2.9500 0.97500 -0.45000  2.9000 0.97500 -0.45000 
144  2.9000 1.0250 -0.40000  2.9500 1.0250 -0.40000  2.9500 0.97500 -0.40000  2.9000 0.97500 -0.40000 
145  2.9000 1.0250 -0.35000  2.9500 1.0250 -0.35000  2.9500 0.97500 -0.35000  2.9000 0.97500 -0.35000 
146  2.9000 1.0250 -0.30000  2.9500 1.0250 -0.30000  2.9500 0.97500 -0.30000  2.9000 0.97500 -0.30000 
147  2.9000 1.0250 -0.25000  2.9500 1.0250 -0.25000  2.9500 0.97500 -0.25000  2.9000 0.97500 -0.25000 
148  2.9000 1.0250 -0.20000  2.9500 1.0250 -0.20000  2.9500 0.97500 -0.20000  2.9000 0.97500 -0.20000 
149  2.9000 1.0250 -0.15000  2.9500 1.0250 -0.15000  2.9500 0.97500 -0.15000  2.9000 0.97500 -0.15000 
150  2.9000 1.0250 -0.10000  2.9500 1.0250 -0.10000  2.9500 0.97500 -0.10000  2.9000 0.97500 -0.10000 
151  2.9000 1.0250 -0.050000  2.9500 1.0250 -0.050000  2.9500 0.97500 -0.050000  2.9000 0.97500 -0.050000 
152  2.9000 1.0250 0.0000  2.9500 1.0250 0.0000  2.9500 0.97500 0.0000  2.9000 0.97500 0.0000 
153  2.9000 1.0250 0.050000  2.9500 1.0250 0.050000  2.9500 0.97500 0.050000  2.9000 0.97500 0.050000 
154  2.9000 1.0250 0.10000  2.9500 1.0250 0.10000  2.9500 0.97500 0.10000  2.9000 0.97500 0.10000 
155  2.9000 1.0250 0.15000  2.9500 1.0250 0.15000  2.9500 0.97500 0.15000  2.9000 0.97500 0.15000 
156  2.9000 1.0250 0.20000  2.9500 1.0250 0.20000  2.9500 0.97500 0.20000  2.9000 0.97500 0.20000 
157  2.9000 1.0250 0.25000  2.9500 1.0250 0.25000  2.9500 0.97500 0.25000  2.9000 0.97500 0.25000 
158  2.9000 1.0250 0.30000  2.9500 1.0250 0.30000  2.9500 0.97500 0.30000  2.9000 0.97500 0.30000 
159  2.9000 1.0250 0.35000  2.9500 1.0250 0.35000  2.9500 0.97500 0.35000  2.9000 0.97500 0.35000 
160  2.9000 1.0250 0.40000  2.9500 1.0250 0.40000  2.9500 0.97500 0.40000  2.9000 0.97500 0.40000 
161  2.9000 1.0250 0.45000  2.9500 1.0250 0.45000  2.9500 0.97500 0.45000  2.9000 0.97500 0.45000 
162  2.9000 0.97500 -0.45000  2.9500 0.97500 -0.45000  2.9500 0.92500 -0.45000  2.9000 0.92500 -0.45000 
163  2.9000 0.97500 -0.40000  2.9500 0.97500 -0.40000  2.9500 0.92500 -0.40000  2.9000 0.92500 -0.40000 
164  2.9000 0.97500 -0.35000  2.9500 0.97500 -0.35000  2.9500 0.92500 -0.35000  2.9000 0.92500 -0.35000 
165  2.9000 0.97500 -0.30000  2.9500 0.97500 -0.30000  2.9500 0.92500 -0.30000  2.9000 0.92500 -0.30000 
166  2.9000 0.97500 -0.25000  2.9500 0.97500 -0.25000  2.9500 0.92500 -0.25000  2.9000 0.92500 -0.25000 
167  2.9000 0.97500 -0.20000  2.9500 0.97500 -0.20000  2.9500 0.92500 -0.20000  2.9000 0.92500 -0.20000 
168  2.9000 0.97500 -0.15000  2.9500 0.97500 -0.15000  2.9500 0.92500 -0.15000  2.9000 0.92500 -0.15000 
169  2.9000 0.97500 -0.10000  2.9500 0.97500 -0.10000  2.9500 0.92500 -0.10000  2.9000 0.92500 -0.10000 
170  2.9000 0.97500 -0.050000  2.9500 0.97500 -0.050000  2.9500 0.92500 -0.050000  2.9000 0.92500 -0.050000 
171  2.9000 0.97500 0.0000  2.9500 0.97500 0.0000  2.9500 0.92500 0.0000  2.9000 0.92500 0.0000 
172  2.9000 0.97500 0.050000  2.9500 0.97500 0.050000  2.9500 0.92500 0.050000  2.9000 0.92500 0.050000 
173  2.9000 0.97500 0.10000  2.9500 0.97500 0.10000  2.9500 0.92500 0.10000  2.9000 0.92500 0.10000 
174  2.9000 0.97500 0.15000  2.9500 0.97500 0.15000  2.9500 0.92500 0.15000  2.9000 0.92500 0.15000 
175  2.9000 0.97500 0.20000  2.9500 0.97500 0.20000  2.9500 0.92500 0.20000  2.9000 0.92500 0.20000 
176  2.9000 0.97500 0.25000  2.9500 0.97500 0.25000  2.9500 0.92500 0.25000  2.9000 0.92500 0.25000 
177  2.9000 0.97500 0.30000  2.9500 0.97500 0.30000  2.9500 0.92500 0.30000  2.9000 0.92500 0.30000 
178  2.9000 0.97500 0.35000  2.9500 0.97500 0.35000  2.9500 0.92500 0.35000  2.9000 0.92500 0.35000 
179  2.9000 0.97500 0.40000  2.9500 0.97500 0.40000  2.9500 0.92500 0.40000  2.9000 0.92500 0.40000 
180  2.9000 0.97500 0.45000  2.9500 0.97500 0.45000  2.9500 0.92500 0.45000  2.9000 0.92500 0.45000 
181  2.9000 0.92500 -0.45000  2.9500 0.92500 -0.45000  2.9500 0.87500 -0.45000  2.9000 0.87500 -0.45000 
182  2.9000 0.92500 -0.40000  2.9500 0.92500 -0.40000  2.9500 0.87500 -0.40000  2.9000 0.87500 -0.40000 
183  2.9000 0.92500 -0.35000  2.9500 0.92500 -0.35000  2.9500 0.87500 -0.35000  2.9000 0.87500 -0.35000 
184  2.9000 0.92500 -0.30000  2.9500 0.92500 -0.30000  2.9500 0.87500 -0.30000  2.9000 0.87500 -0.30000 
185  2.9000 0.92500 -0.25000  2.9500 0.92500 -0.25000  2.9500 0.87500 -0.25000  2.9000 0.87500 -0.25000 
186  2.9000 0.92500 -0.20000  2.9500 0.92500 -0.20000  2.9500 0.87500 -0.20000  2.9000 0.87500 -0.20000 
187  2.9000 0.92500 -0.15000  2.9500 0.92500 -0.15000  2.9500 0.87500 -0.15000  2.9000 0.87500 -0.15000 
188  2.9000 0.92500 -0.10000  2.9500 0.92500 -0.10000  2.9500 0.87500 -0.10000  2.9000 0.87500 -0.10000 
189  2.9000 0.92500 -0.050000  2.9500 0.92500 -0.050000  2.9500 0.87500 -0.050000  2.9000 0.87500 -0.050000 
190  2.9000 0.92500 0.0000  2.9500 0.92500 0.0000  2.9500 0.87500 0.0000  2.9000 0.87500 0.0000 
191  2.9000 0.92500 0.050000  2.9500 0.92500 0.050000  2.9500 0.87500 0.050000  2.9000 0.87500 0.050000 
192  2.9000 0.92500 0.10000  2.9500 0.92500 0.10000  2.9500 0.87500 0.10000  2.9000 0.87500 0.10000 
193  2.9000 0.92500 0.15000  2.9500 0.92500 0.15000  2.9500 0.87500 0.15000  2.9000 0.87500 0.15000 
194  2.9000 0.92500 0.20000  2.9500 0.92500 0.20000  2.9500 0.87500 0.20000  2.9000 0.87500 0.20000 
195  2.9000 0.92500 0.25000  2.9500 0.92500 0.25000  2.9500 0.87500 0.25000  2.9000 0.87500 0.25000 
196  2.9000 0.92500 0.30000  2.9500 0.92500 0.30000  2.9500 0.87500 0.30000  2.9000 0.87500 0.30000 
197  2.9000 0.92500 0.35000  2.9500 0.92500 0.35000  2.9500 0.87500 0.35000  2.9000 0.87500 0.35000 
198  2.9000 0.92500 0.40000  2.9500 0.92500 0.40000  2.9500 0.87500 0.40000  2.9000 0.87500 0.40000 
199  2.9000 0.92500 0.45000  2.9500 0.92500 0.45000  2.9500 0.87500 0.45000  2.9000 0.87500 0.45000 
200  2.9000 0.87500 -0.45000  2.9500 0.87500 -0.45000  2.9500 0.82500 -0.45000  2.9000 0.82500 -0.45000 
201  2.9000 0.87500 -0.40000  2.9500 0.87500 -0.40000  2.9500 0.82500 -0.40000  2.9000 0.82500 -0.40000 
202  2.9000 0.87500 -0.35000  2.9500 0.87500 -0.35000  2.9500 0.82500 -0.35000  2.9000 0.82500 -0.35000 
203  2.9000 0.87500 -0.30000  2.9500 0.87500 -0.30000  2.9500 0.82500 -0.30000  2.9000 0.82500 -0.30000 
204  2.9000 0.87500 -0.25000  2.9500 0.87500 -0.25000  2.9500 0.82500 -0.25000  2.9000 0.82500 -0.25000 
205  2.9000 0.87500 -0.20000  2.9500 0.87500 -0.20000  2.9500 0.82500 -0.20000  2.9000 0.82500 -0.20000 
206  2.9000 0.87500 -0.15000  2.9500 0.87500 -0.15000  2.9500 0.82500 -0.15000  2.9000 0.82500 -0.15000 
207  2.9000 0.87500 -0.10000  2.9500 0.87500 -0.10000  2.9500 0.82500 -0.10000  2.9000 0.82500 -0.10000 
208  2.9000 0.87500 -0.050000  2.9500 0.87500 -0.050000  2.9500 0.82500 -0.050000  2.9000 0.82500 -0.050000 
209  2.9000 0.87500 0.0000  2.9500 0.87500 0.0000  2.9500 0.82500 0.0000  2.9000 0.82500 0.0000 
210  2.9000 0.87500 0.050000  2.9500 0.87500 0.050000  2.9500 0.82500 0.050000  2.9000 0.82500 0.050000 
211  2.9000 0.87500 0.10000  2.9500 0.87500 0.10000  2.9500 0.82500 0.10000  2.9000 0.82500 0.10000 
212  2.9000 0.87500 0.15000  2.9500 0.87500 0.15000  2.9500 0.82500 0.15000  2.9000 0.82500 0.15000 
213  2.9000 0.87500 0.20000  2.9500 0.87500 0.20000  2.9500 0.82500 0.20000  2.9000 0.82500 0.20000 
214  2.9000 0.87500 0.25000  2.9500 0.87500 0.25000  2.9500 0.82500 0.25000  2.9000 0.82500 0.25000 
215  2.9000 0.87500 0.30000  2.9500 0.87500 0.30000  2.9500 0.82500 0.30000  2.9000 0.82500 0.30000 
216  2.9000 0.87500 0.35000  2.9500 0.87500 0.35000  2.9500 0.82500 0.35000  2.9000 0.82500 0.35000 
217  2.9000 0.87500 0.40000  2.9500 0.87500 0.40000  2.9500 0.82500 0.40000  2.9000 0.82500 0.40000 
218  2.9000 0.87500 0.45000  2.9500 0.87500 0.45000  2.9500 0.82500 0.45000  2.9000 0.82500 0.45000 
219  2.9000 0.82500 -0.45000  2.9500 0.82500 -0.45000  2.9500 0.77500 -0.45000  2.9000 0.77500 -0.45000 
220  2.9000 0.82500 -0.40000  2.9500 0.82500 -0.40000  2.9500 0.77500 -0.40000  2.9000 0.77500 -0.40000 
221  2.9000 0.82500 -0.35000  2.9500 0.82500 -0.35000  2.9500 0.77500 -0.35000  2.9000 0.77500 -0.35000 
222  2.9000 0.82500 -0.30000  2.9500 0.82500 -0.30000  2.9500 0.77500 -0.30000  2.9000 0.77500 -0.30000 
223  2.9000 0.82500 -0.25000  2.9500 0.82500 -0.25000  2.9500 0.77500 -0.25000  2.9000 0.77500 -0.25000 
224  2.9000 0.82500 -0.20000  2.9500 0.82500 -0.20000  2.9500 0.77500 -0.20000  2.9000 0.77500 -0.20000 
225  2.9000 0.82500 -0.15000  2.9500 0.82500 -0.15000  2.9500 0.77500 -0.15000  2.9000 0.77500 -0.15000 
226  2.9000 0.82500 -0.10000  2.9500 0.82500 -0.10000  2.9500 0.77500 -0.10000  2.9000 0.77500 -0.10000 
227  2.9000 0.82500 -0.050000  2.9500 0.82500 -0.050000  2.9500 0.77500 -0.050000  2.9000 0.77500 -0.050000 
228  2.9000 0.82500 0.0000  2.9500 0.82500 0.0000  2.9500 0.77500 0.0000  2.9000 0.77500 0.0000 
229  2.9000 0.82500 0.050000  2.9500 0.82500 0.050000  2.9500 0.77500 0.050000  2.9000 0.77500 0.050000 
230  2.9000 0.82500 0.10000  2.9500 0.82500 0.10000  2.9500 0.77500 0.10000  2.9000 0.77500 0.10000 
231  2.9000 0.82500 0.15000  2.9500 0.82500 0.15000  2.9500 0.77500 0.15000  2.9000 0.77500 0.15000 
232  2.9000 0.82500 0.20000  2.9500 0.82500 0.20000  2.9500 0.77500 0.20000  2.9000 0.77500 0.20000 
233  2.9000 0.82500 0.25000  2.9500 0.82500 0.25000  2.9500 0.77500 0.25000  2.9000 0.77500 0.25000 
234  2.9000 0.82500 0.30000  2.9500 0.82500 0.30000  2.9500 0.77500 0.30000  2.9000 0.77500 0.30000 
235  2.9000 0.82500 0.35000  2.9500 0.82500 0.35000  2.9500 0.77500 0.35000  2.9000 0.77500 0.35000 
236  2.9000 0.82500 0.40000  2.9500 0.82500 0.40000  2.9500 0.77500 0.40000  2.9000 0.77500 0.40000 
237  2.9000 0.82500 0.45000  2.9500 0.82500 0.45000  2.9500 0.77500 0.45000  2.9000 0.77500 0.45000 
238  2.9000 0.77500 -0.40000  2.9500 0.77500 -0.40000  2.9500 0.72500 -0.40000  2.9000 0.72500 -0.40000 
239  2.9000 0.77500 -0.35000  2.9500 0.77500 -0.35000  2.9500 0.72500 -0.35000  2.9000 0.72500 -0.35000 
240  2.9000 0.77500 -0.30000  2.9500 0.77500 -0.30000  2.9500 0.72500 -0.30000  2.9000 0.72500 -0.30000 
241  2.9000 0.77500 -0.25000  2.9500 0.77500 -0.25000  2.9500 0.72500 -0.25000  2.9000 0.72500 -0.25000 
242  2.9000 0.77500 -0.20000  2.9500 0.77500 -0.20000  2.9500 0.72500 -0.20000  2.9000 0.72500 -0.20000 
243  2.9000 0.77500 -0.15000  2.9500 0.77500 -0.15000  2.9500 0.72500 -0.15000  2.9000 0.72500 -0.15000 
244  2.9000 0.77500 -0.10000  2.9500 0.77500 -0.10000  2.9500 0.72500 -0.10000  2.9000 0.72500 -0.10000 
245  2.9000 0.77500 -0.050000  2.9500 0.77500 -0.050000  2.9500 0.72500 -0.050000  2.9000 0.72500 -0.050000 
246  2.9000 0.77500 0.0000  2.9500 0.77500 0.0000  2.9500 0.72500 0.0000  2.9000 0.72500 0.0000 
247  2.9000 0.77500 0.050000  2.9500 0.77500 0.050000  2.9500 0.72500 0.050000  2.9000 0.72500 0.050000 
248  2.9000 0.77500 0.10000  2.9500 0.77500 0.10000  2.9500 0.72500 0.10000  2.9000 0.72500 0.10000 
249  2.9000 0.77500 0.15000  2.9500 0.77500 0.15000  2.9500 0.72500 0.15000  2.9000 0.72500 0.15000 
250  2.9000 0.77500 0.20000  2.9500 0.77500 0.20000  2.9500 0.72500 0.20000  2.9000 0.72500 0.20000 
251  2.9000 0.77500 0.25000  2.9500 0.77500 0.25000  2.9500 0.72500 0.25000  2.9000 0.72500 0.25000 
252  2.9000 0.77500 0.30000  2.9500 0.77500 0.30000  2.9500 0.72500 0.30000  2.9000 0.72500 0.30000 
253  2.9000 0.77500 0.35000  2.9500 0.77500 0.35000  2.9500 0.72500 0.35000  2.9000 0.72500 0.35000 
254  2.9000 0.77500 0.40000  2.9500 0.77500 0.40000  2.9500 0.72500 0.40000  2.9000 0.72500 0.40000 
255  2.9000 0.72500 -0.35000  2.9500 0.72500 -0.35000  2.9500 0.67500 -0.35000  2.9000 0.67500 -0.35000 
256  2.9000 0.72500 -0.30000  2.9500 0.72500 -0.30000  2.9500 0.67500 -0.30000  2.9000 0.67500 -0.30000 
257  2.9000 0.72500 -0.25000  2.9500 0.72500 -0.25000  2.9500 0.67500 -0.25000  2.9000 0.67500 -0.25000 
258  2.9000 0.72500 -0.20000  2.9500 0.72500 -0.20000  2.9500 0.67500 -0.20000  2.9000 0.67500 -0.20000 
259  2.9000 0.72500 -0.15000  2.9500 0.72500 -0.15000  2.9500 0.67500 -0.15000  2.9000 0.67500 -0.15000 
260  2.9000 0.72500 -0.10000  2.9500 0.72500 -0.10000  2.9500 0.67500 -0.10000  2.9000 0.67500 -0.10000 
261  2.9000 0.72500 -0.050000  2.9500 0.72500 -0.050000  2.9500 0.67500 -0.050000  2.9000 0.67500 -0.050000 
262  2.9000 0.72500 0.0000  2.9500 0.72500 0.0000  2.9500 0.67500 0.0000  2.9000 0.67500 0.0000 
263  2.9000 0.72500 0.050000  2.9500 0.72500 0.050000  2.9500 0.67500 0.050000  2.9000 0.67500 0.050000 
264  2.9000 0.72500 0.10000  2.9500 0.72500 0.10000  2.9500 0.67500 0.10000  2.9000 0.67500 0.10000 
265  2.9000 0.72500 0.15000  2.9500 0.72500 0.15000  2.9500 0.67500 0.15000  2.9000 0.67500 0.15000 
266  2.9000 0.72500 0.20000  2.9500 0.72500 0.20000  2.9500 0.67500 0.20000  2.9000 0.67500 0.20000 
267  2.9000 0.72500 0.25000  2.9500 0.72500 0.25000  2.9500 0.67500 0.25000  2.9000 0.67500 0.25000 
268  2.9000 0.72500 0.30000  2.9500 0.72500 0.30000  2.9500 0.67500 0.30000  2.9000 0.67500 0.30000 
269  2.9000 0.72500 0.35000  2.9500 0.72500 0.35000  2.9500 0.67500 0.35000  2.9000 0.67500 0.35000 
270  2.9000 0.67500 -0.35000  2.9500 0.67500 -0.35000  2.9500 0.62500 -0.35000  2.9000 0.62500 -0.35000 
271  2.9000 0.67500 -0.30000  2.9500 0.67500 -0.30000  2.9500 0.62500 -0.30000  2.9000 0.62500 -0.30000 
272  2.9000 0.67500 -0.25000  2.9500 0.67500 -0.25000  2.9500 0.62500 -0.25000  2.9000 0.62500 -0.25000 
273  2.9000 0.67500 -0.20000  2.9500 0.67500 -0.20000  2.9500 0.62500 -0.20000  2.9000 0.62500 -0.20000 
274  2.9000 0.67500 -0.15000  2.9500 0.67500 -0.15000  2.9500 0.62500 -0.15000  2.9000 0.62500 -0.15000 
275  2.9000 0.67500 -0.10000  2.9500 0.67500 -0.10000  2.9500 0.62500 -0.10000  2.9000 0.62500 -0.10000 
276  2.9000 0.67500 -0.050000  2.9500 0.67500 -0.050000  2.9500 0.62500 -0.050000  2.9000 0.62500 -0.050000 
277  2.9000 0.67500 0.0000  2.9500 0.67500 0.0000  2.9500 0.62500 0.0000  2.9000 0.62500 0.0000 
278  2.9000 0.67500 0.050000  2.9500 0.67500 0.050000  2.9500 0.62500 0.050000  2.9000 0.62500 0.050000 
279  2.9000 0.67500 0.10000  2.9500 0.67500 0.10000  2.9500 0.62500 0.10000  2.9000 0.62500 0.10000 
280  2.9000 0.67500 0.15000  2.9500 0.67500 0.15000  2.9500 0.62500 0.15000  2.9000 0.62500 0.15000 
281  2.9000 0.67500 0.20000  2.9500 0.67500 0.20000  2.9500 0.62500 0.20000  2.9000 0.62500 0.20000 
282  2.9000 0.67500 0.25000  2.9500 0.67500 0.25000  2.9500 0.62500 0.25000  2.9000 0.62500 0.25000 
283  2.9000 0.67500 0.30000  2.9500 0.67500 0.30000  2.9500 0.62500 0.30000  2.9000 0.62500 0.30000 
284  2.9000 0.67500 0.35000  2.9500 0.67500 0.35000  2.9500 0.62500 0.35000  2.9000 0.62500 0.35000 
285  2.9000 0.62500 -0.25000  2.9500 0.62500 -0.25000  2.9500 0.57500 -0.25000  2.9000 0.57500 -0.25000 
286  2.9000 0.62500 -0.20000  2.9500 0.62500 -0.20000  2.9500 0.57500 -0.20000  2.9000 0.57500 -0.20000 
287  2.9000 0.62500 -0.15000  2.9500 0.62500 -0.15000  2.9500 0.57500 -0.15000  2.9000 0.57500 -0.15000 
288  2.9000 0.62500 -0.10000  2.9500 0.62500 -0.10000  2.9500 0.57500 -0.10000  2.9000 0.57500 -0.10000 
289  2.9000 0.62500 -0.050000  2.9500 0.62500 -0.050000  2.9500 0.57500 -0.050000  2.9000 0.57500 -0.050000 
290  2.9000 0.62500 0.0000  2.9500 0.62500 0.0000  2.9500 0.57500 0.0000  2.9000 0.57500 0.0000 
291  2.9000 0.62500 0.050000  2.9500 0.62500 0.050000  2.9500 0.57500 0.050000  2.9000 0.57500 0.050000 
292  2.9000 0.62500 0.10000  2.9500 0.62500 0.10000  2.9500 0.57500 0.10000  2.9000 0.57500 0.10000 
293  2.9000 0.62500 0.15000  2.9500 0.62500 0.15000  2.9500 0.57500 0.15000  2.9000 0.57500 0.15000 
294  2.9000 0.62500 0.20000  2.9500 0.62500 0.20000  2.9500 0.57500 0.20000  2.9000 0.57500 0.20000 
295  2.9000 0.62500 0.25000  2.9500 0.62500 0.25000  2.9500 0.57500 0.25000  2.9000 0.57500 0.25000 
296  2.9000 0.57500 -0.20000  2.9500 0.57500 -0.20000  2.9500 0.52500 -0.20000  2.9000 0.52500 -0.20000 
297  2.9000 0.57500 -0.15000  2.9500 0.57500 -0.15000  2.9500 0.52500 -0.15000  2.9000 0.52500 -0.15000 
298  2.9000 0.57500 -0.10000  2.9500 0.57500 -0.10000  2.9500 0.52500 -0.10000  2.9000 0.52500 -0.10000 
299  2.9000 0.57500 -0.050000  2.9500 0.57500 -0.050000  2.9500 0.52500 -0.050000  2.9000 0.52500 -0.050000 
300  2.9000 0.57500 0.0000  2.9500 0.57500 0.0000  2.9500 0.52500 0.0000  2.9000 0.52500 0.0000 
301  2.9000 0.57500 0.050000  2.9500 0.57500 0.050000  2.9500 0.52500 0.050000  2.9000 0.52500 0.050000 
302  2.9000 0.57500 0.10000  2.9500 0.57500 0.10000  2.9500 0.52500 0.10000  2.9000 0.52500 0.10000 
303  2.9000 0.57500 0.15000  2.9500 0.57500 0.15000  2.9500 0.52500 0.15000  2.9000 0.52500 0.15000 
304  2.9000 0.57500 0.20000  2.9500 0.57500 0.20000  2.9500 0.52500 0.20000  2.9000 0.52500 0.20000 
305  2.9500 1.4750 -0.20000  3.0000 1.4750 -0.20000  3.0000 1.4250 -0.20000  2.9500 1.4250 -0.20000 
306  2.9500 1.4750 -0.15000  3.0000 1.4750 -0.15000  3.0000 1.4250 -0.15000  2.9500 1.4250 -0.15000 
307  2.9500 1.4750 -0.10000  3.0000 1.4750 -0.10000  3.0000 1.4250 -0.10000  2.9500 1.4250 -0.10000 
308  2.9500 1.4750 -0.050000  3.0000 1.4750 -0.050000  3.0000 1.4250 -0.050000  2.9500 1.4250 -0.050000 
309  2.9500 1.4750 0.0000  3.0000 1.4750 0.0000  3.0000 1.4250 0.0000  2.9500 1.4250 0.0000 
310  2.9500 1.4750 0.050000  3.0000 1.4750 0.050000  3.0000 1.4250 0.050000  2.9500 1.4250 0.050000 
311  2.9500 1.4750 0.10000  3.0000 1.4750 0.10000  3.0000 1.4250 0.10000  2.9500 1.4250 0.10000 
312  2.9500 1.4750 0.15000  3.0000 1.4750 0.15000  3.0000 1.4250 0.15000  2.9500 1.4250 0.15000 
313  2.9500 1.4750 0.20000  3.0000 1.4750 0.20000  3.0000 1.4250 0.20000  2.9500 1.4250 0.20000 
314  2.9500 1.4250 -0.25000  3.0000 1.4250 -0.25000  3.0000 1.3750 -0.25000  2.9500 1.3750 -0.25000 
315  2.9500 1.4250 -0.20000  3.0000 1.4250 -0.20000  3.0000 1.3750 -0.20000  2.9500 1.3750 -0.20000 
316  2.9500 1.4250 -0.15000  3.0000 1.4250 -0.15000  3.0000 1.3750 -0.15000  2.9500 1.3750 -0.15000 
317  2.9500 1.4250 -0.10000  3.0000 1.4250 -0.10000  3.0000 1.3750 -0.10000  2.9500 1.3750 -0.10000 
318  2.9500 1.4250 -0.050000  3.0000 1.4250 -0.050000  3.0000 1.3750 -0.050000  2.9500 1.3750 -0.050000 
319  2.9500 1.4250 0.0000  3.0000 1.4250 0.0000  3.0000 1.3750 0.0000  2.9500 1.3750 0.0000 
320  2.9500 1.4250 0.050000  3.0000 1.4250 0.050000  3.0000 1.3750 0.050000  2.9500 1.3750 0.050000 
321  2.9500 1.4250 0.10000  3.0000 1.4250 0.10000  3.0000 1.3750 0.10000  2.9500 1.3750 0.10000 
322  2.9500 1.4250 0.15000  3.0000 1.4250 0.15000  3.0000 1.3750 0.15000  2.9500 1.3750 0.15000 
323  2.9500 1.4250 0.20000  3.0000 1.4250 0.20000  3.0000 1.3750 0.20000  2.9500 1.3750 0.20000 
324  2.9500 1.4250 0.25000  3.0000 1.4250 0.25000  3.0000 1.3750 0.25000  2.9500 1.3750 0.25000 
325  2.9500 1.3750 -0.35000  3.0000 1.3750 -0.35000  3.0000 1.3250 -0.35000  2.9500 1.3250 -0.35000 
326  2.9500 1.3750 -0.30000  3.0000 1.3750 -0.30000  3.0000 1.3250 -0.30000  2.9500 1.3250 -0.30000 
327  2.9500 1.3750 -0.25000  3.0000 1.3750 -0.25000  3.0000 1.3250 -0.25000  2.9500 1.3250 -0.25000 
328  2.9500 1.3750 -0.20000  3.0000 1.3750 -0.20000  3.0000 1.3250 -0.20000  2.9500 1.3250 -0.20000 
329  2.9500 1.3750 -0.15000  3.0000 1.3750 -0.15000  3.0000 1.3250 -0.15000  2.9500 1.3250 -0.15000 
330  2.9500 1.3750 -0.10000  3.0000 1.3750 -0.10000  3.0000 1.3250 -0.10000  2.9500 1.3250 -0.10000 
331  2.9500 1.3750 -0.050000  3.0000 1.3750 -0.050000  3.0000 1.3250 -0.050000  2.9500 1.3250 -0.050000 
332  2.9500 1.3750 0.0000  3.0000 1.3750 0.0000  3.0000 1.3250 0.0000  2.9500 1.3250 0.0000 
333  2.9500 1.3750 0.050000  3.0000 1.3750 0.050000  3.0000 1.3250 0.050000  2.9500 1.3250 0.050000 
334  2.9500 1.3750 0.10000  3.0000 1.3750 0.10000  3.0000 1.3250 0.10000  2.9500 1.3250 0.10000 
335  2.9500 1.3750 0.15000  3.0000 1.3750 0.15000  3.0000 1.3250 0.15000  2.9500 1.3250 0.15000 
336  2.9500 1.3750 0.20000  3.0000 1.3750 0.20000  3.0000 1.3250 0.20000  2.9500 1.3250 0.20000 
337  2.9500 1.3750 0.25000  3.0000 1.3750 0.25000  3.0000 1.3250 0.25000  2.9500 1.3250 0.25000 
338  2.9500 1.3750 0.30000  3.0000 1.3750 0.30000  3.0000 1.3250 0.30000  2.9500 1.3250 0.30000 
339  2.9500 1.3750 0.35000  3.0000 1.3750 0.35000  3.0000 1.3250 0.35000  2.9500 1.3250 0.35000 
340  2.9500 1.3250 -0.35000  3.0000 1.3250 -0.35000  3.0000 1.2750 -0.35000  2.9500 1.2750 -0.35000 
341  2.9500 1.3250 -0.30000  3.0000 1.3250 -0.30000  3.0000 1.2750 -0.30000  2.9500 1.2750 -0.30000 
342  2.9500 1.3250 -0.25000  3.0000 1.3250 -0.25000  3.0000 1.2750 -0.25000  2.9500 1.2750 -0.25000 
343  2.9500 1.3250 -0.20000  3.0000 1.3250 -0.20000  3.0000 1.2750 -0.20000  2.9500 1.2750 -0.20000 
344  2.9500 1.3250 -0.15000  3.0000 1.3250 -0.15000  3.0000 1.2750 -0.15000  2.9500 1.2750 -0.15000 
345  2.9500 1.3250 -0.10000  3.0000 1.3250 -0.10000  3.0000 1.2750 -0.10000  2.9500 1.2750 -0.10000 
346  2.9500 1.3250 -0.050000  3.0000 1.3250 -0.050000  3.0000 1.2750 -0.050000  2.9500 1.2750 -0.050000 
347  2.9500 1.3250 0.0000  3.0000 1.3250 0.0000  3.0000 1.2750 0.0000  2.9500 1.2750 0.0000 
348  2.9500 1.3250 0.050000  3.0000 1.3250 0.050000  3.0000 1.2750 0.050000  2.9500 1.2750 0.050000 
349  2.9500 1.3250 0.10000  3.0000 1.3250 0.10000  3.0000 1.2750 0.10000  2.9500 1.2750 0.10000 
350  2.9500 1.3250 0.15000  3.0000 1.3250 0.15000  3.0000 1.2750 0.15000  2.9500 1.2750 0.15000 
351  2.9500 1.3250 0.20000  3.0000 1.3250 0.20000  3.0000 1.2750 0.20000  2.9500 1.2750 0.20000 
352  2.9500 1.3250 0.25000  3.0000 1.3250 0.25000  3.0000 1.2750 0.25000  2.9500 1.2750 0.25000 
353  2.9500 1.3250 0.30000  3.0000 1.3250 0.30000  3.0000 1.2750 0.30000  2.9500 1.2750 0.30000 
354  2.9500 1.3250 0.35000  3.0000 1.3250 0.35000  3.0000 1.2750 0.35000  2.9500 1.2750 0.35000 
355  2.9500 1.2750 -0.40000  3.0000 1.2750 -0.40000  3.0000 1.2250 -0.40000  2.9500 1.2250 -0.40000 
356  2.9500 1.2750 -0.35000  3.0000 1.2750 -0.35000  3.0000 1.2250 -0.35000  2.9500 1.2250 -0.35000 
357  2.9500 1.2750 -0.30000  3.0000 1.2750 -0.30000  3.0000 1.2250 -0.30000  2.9500 1.2250 -0.30000 
358  2.9500 1.2750 -0.25000  3.0000 1.2750 -0.25000  3.0000 1.2250 -0.25000  2.9500 1.2250 -0.25000 
359  2.9500 1.2750 -0.20000  3.0000 1.2750 -0.20000  3.0000 1.2250 -0.20000  2.9500 1.2250 -0.20000 
360  2.9500 1.2750 -0.15000  3.0000 1.2750 -0.15000  3.0000 1.2250 -0.15000  2.9500 1.2250 -0.15000 
361  2.9500 1.2750 -0.10000  3.0000 1.2750 -0.10000  3.0000 1.2250 -0.10000  2.9500 1.2250 -0.10000 
362  2.9500 1.2750 -0.050000  3.0000 1.2750 -0.050000  3.0000 1.2250 -0.050000  2.9500 1.2250 -0.050000 
363  2.9500 1.2750 0.0000  3.0000 1.2750 0.0000  3.0000 1.2250 0.0000  2.9500 1.2250 0.0000 
364  2.9500 1.2750 0.050000  3.0000 1.2750 0.050000  3.0000 1.2250 0.050000  2.9500 1.2250 0.050000 
365  2.9500 1.2750 0.10000  3.0000 1.2750 0.10000  3.0000 1.2250 0.10000  2.9500 1.2250 0.10000 
366  2.9500 1.2750 0.15000  3.0000 1.2750 0.15000  3.0000 1.2250 0.15000  2.9500 1.2250 0.15000 
367  2.9500 1.2750 0.20000  3.0000 1.2750 0.20000  3.0000 1.2250 0.20000  2.9500 1.2250 0.20000 
368  2.9500 1.2750 0.25000  3.0000 1.2750 0.25000  3.0000 1.2250 0.25000  2.9500 1.2250 0.25000 
369  2.9500 1.2750 0.30000  3.0000 1.2750 0.30000  3.0000 1.2250 0.30000  2.9500 1.2250 0.30000 
370  2.9500 1.2750 0.35000  3.0000 1.2750 0.35000  3.0000 1.2250 0.35000  2.9500 1.2250 0.35000 
371  2.9500 1.2750 0.40000  3.0000 1.2750 0.40000  3.0000 1.2250 0.40000  2.9500 1.2250 0.40000 
372  2.9500 1.2250 -0.45000  3.0000 1.2250 -0.45000  3.0000 1.1750 -0.45000  2.9500 1.1750 -0.45000 
373  2.9500 1.2250 -0.40000  3.0000 1.2250 -0.40000  3.0000 1.1750 -0.40000  2.9500 1.1750 -0.40000 
374  2.9500 1.2250 -0.35000  3.0000 1.2250 -0.35000  3.0000 1.1750 -0.35000  2.9500 1.1750 -0.35000 
375  2.9500 1.2250 -0.30000  3.0000 1.2250 -0.30000  3.0000 1.1750 -0.30000  2.9500 1.1750 -0.30000 
376  2.9500 1.2250 -0.25000  3.0000 1.2250 -0.25000  3.0000 1.1750 -0.25000  2.9500 1.1750 -0.25000 
377  2.9500 1.2250 -0.20000  3.0000 1.2250 -0.20000  3.0000 1.1750 -0.20000  2.9500 1.1750 -0.20000 
378  2.9500 1.2250 -0.15000  3.0000 1.2250 -0.15000  3.0000 1.1750 -0.15000  2.9500 1.1750 -0.15000 
379  2.9500 1.2250 -0.10000  3.0000 1.2250 -0.10000  3.0000 1.1750 -0.10000  2.9500 1.1750 -0.10000 
380  2.9500 1.2250 -0.050000  3.0000 1.2250 -0.050000  3.0000 1.1750 -0.050000  2.9500 1.1750 -0.050000 
381  2.9500 1.2250 0.0000  3.0000 1.2250 0.0000  3.0000 1.1750 0.0000  2.9500 1.1750 0.0000 
382  2.9500 1.2250 0.050000  3.0000 1.2250 0.050000  3.0000 1.1750 0.050000  2.9500 1.1750 0.050000 
383  2.9500 1.2250 0.10000  3.0000 1.2250 0.10000  3.0000 1.1750 0.10000  2.9500 1.1750 0.10000 
384  2.9500 1.2250 0.15000  3.0000 1.2250 0.15000  3.0000 1.1750 0.15000  2.9500 1.1750 0.15000 
385  2.9500 1.2250 0.20000  3.0000 1.2250 0.20000  3.0000 1.1750 0.20000  2.9500 1.1750 0.20000 
386  2.9500 1.2250 0.25000  3.0000 1.2250 0.25000  3.0000 1.1750 0.25000  2.9500 1.1750 0.25000 
387  2.9500 1.2250 0.30000  3.0000 1.2250 0.30000  3.0000 1.1750 0.30000  2.9500 1.1750 0.30000 
388  2.9500 1.2250 0.35000  3.0000 1.2250 0.35000  3.0000 1.1750 0.35000  2.9500 1.1750 0.35000 
389  2.9500 1.2250 0.40000  3.0000 1.2250 0.40000  3.0000 1.1750 0.40000  2.9500 1.1750 0.40000 
390  2.9500 1.2250 0.45000  3.0000 1.2250 0.45000  3.0000 1.1750 0.45000  2.9500 1.1750 0.45000 
391  2.9500 1.1750 -0.45000  3.0000 1.1750 -0.45000  3.0000 1.1250 -0.45000  2.9500 1.1250 -0.45000 
392  2.9500 1.1750 -0.40000  3.0000 1.1750 -0.40000  3.0000 1.1250 -0.40000  2.9500 1.1250 -0.40000 
393  2.9500 1.1750 -0.35000  3.0000 1.1750 -0.35000  3.0000 1.1250 -0.35000  2.9500 1.1250 -0.35000 
394  2.9500 1.1750 -0.30000  3.0000 1.1750 -0.30000  3.0000 1.1250 -0.30000  2.9500 1.1250 -0.30000 
395  2.9500 1.1750 -0.25000  3.0000 1.1750 -0.25000  3.0000 1.1250 -0.25000  2.9500 1.1250 -0.25000 
396  2.9500 1.1750 -0.20000  3.0000 1.1750 -0.20000  3.0000 1.1250 -0.20000  2.9500 1.1250 -0.20000 
397  2.9500 1.1750 -0.15000  3.0000 1.1750 -0.15000  3.0000 1.1250 -0.15000  2.9500 1.1250 -0.15000 
398  2.9500 1.1750 -0.10000  3.0000 1.1750 -0.10000  3.0000 1.1250 -0.10000  2.9500 1.1250 -0.10000 
399  2.9500 1.1750 -0.050000  3.0000 1.1750 -0.050000  3.0000 1.1250 -0.050000  2.9500 1.1250 -0.050000 
400  2.9500 1.1750 0.0000  3.0000 1.1750 0.0000  3.0000 1.1250 0.0000  2.9500 1.1250 0.0000 
401  2.9500 1.1750 0.050000  3.0000 1.1750 0.050000  3.0000 1.1250 0.050000  2.9500 1.1250 0.050000 
402  2.9500 1.1750 0.10000  3.0000 1.1750 0.10000  3.0000 1.1250 0.10000  2.9500 1.1250 0.10000 
403  2.9500 1.1750 0.15000  3.0000 1.1750 0.15000  3.0000 1.1250 0.15000  2.9500 1.1250 0.15000 
404  2.9500 1.1750 0.20000  3.0000 1.1750 0.20000  3.0000 1.1250 0.20000  2.9500 1.1250 0.20000 
405  2.9500 1.1750 0.25000  3.0000 1.1750 0.25000  3.0000 1.1250 0.25000  2.9500 1.1250 0.25000 
406  2.9500 1.1750 0.30000  3.0000 1.1750 0.30000  3.0000 1.1250 0.30000  2.9500 1.1250 0.30000 
407  2.9500 1.1750 0.35000  3.0000 1.1750 0.35000  3.0000 1.1250 0.35000  2.9500 1.1250 0.35000 
408  2.9500 1.1750 0.40000  3.0000 1.1750 0.40000  3.0000 1.1250 0.40000  2.9500 1.1250 0.40000 
409  2.9500 1.1750 0.45000  3.0000 1.1750 0.45000  3.0000 1.1250 0.45000  2.9500 1.1250 0.45000 
410  2.9500 1.1250 -0.45000  3.0000 1.1250 -0.45000  3.0000 1.0750 -0.45000  2.9500 1.0750 -0.45000 
411  2.9500 1.1250 -0.40000  3.0000 1.1250 -0.40000  3.0000 1.0750 -0.40000  2.9500 1.0750 -0.40000 
412  2.9500 1.1250 -0.35000  3.0000 1.1250 -0.35000  3.0000 1.0750 -0.35000  2.9500 1.0750 -0.35000 
413  2.9500 1.1250 -0.30000  3.0000 1.1250 -0.30000  3.0000 1.0750 -0.30000  2.9500 1.0750 -0.30000 
414  2.9500 1.1250 -0.25000  3.0000 1.1250 -0.25000  3.0000 1.0750 -0.25000  2.9500 1.0750 -0.25000 
415  2.9500 1.1250 -0.20000  3.0000 1.1250 -0.20000  3.0000 1.0750 -0.20000  2.9500 1.0750 -0.20000 
416  2.9500 1.1250 -0.15000  3.0000 1.1250 -0.15000  3.0000 1.0750 -0.15000  2.9500 1.0750 -0.15000 
417  2.9500 1.1250 -0.10000  3.0000 1.1250 -0.10000  3.0000 1.0750 -0.10000  2.9500 1.0750 -0.10000 
418  2.9500 1.1250 -0.050000  3.0000 1.1250 -0.050000  3.0000 1.0750 -0.050000  2.9500 1.0750 -0.050000 
419  2.9500 1.1250 0.0000  3.0000 1.1250 0.0000  3.0000 1.0750 0.0000  2.9500 1.0750 0.0000 
420  2.9500 1.1250 0.050000  3.0000 1.1250 0.050000  3.0000 1.0750 0.050000  2.9500 1.0750 0.050000 
421  2.9500 1.1250 0.10000  3.0000 1.1250 0.10000  3.0000 1.0750 0.10000  2.9500 1.0750 0.10000 
422  2.9500 1.1250 0.15000  3.0000 1.1250 0.15000  3.0000 1.0750 0.15000  2.9500 1.0750 0.15000 
423  2.9500 1.1250 0.20000  3.0000 1.1250 0.20000  3.0000 1.0750 0.20000  2.9500 1.0750 0.20000 
424  2.9500 1.1250 0.25000  3.0000 1.1250 0.25000  3.0000 1.0750 0.25000  2.9500 1.0750 0.25000 
425  2.9500 1.1250 0.30000  3.0000 1.1250 0.30000  3.0000 1.0750 0.30000  2.9500 1.0750 0.30000 
426  2.9500 1.1250 0.35000  3.0000 1.1250 0.35000  3.0000 1.0750 0.35000  2.9500 1.0750 0.35000 
427  2.9500 1.1250 0.40000  3.0000 1.1250 0.40000  3.0000 1.0750 0.40000  2.9500 1.0750 0.40000 
428  2.9500 1.1250 0.45000  3.0000 1.1250 0.45000  3.0000 1.0750 0.45000  2.9500 1.0750 0.45000 
429  2.9500 1.0750 -0.45000  3.0000 1.0750 -0.45000  3.0000 1.0250 -0.45000  2.9500 1.0250 -0.45000 
430  2.9500 1.0750 -0.40000  3.0000 1.0750 -0.40000  3.0000 1.0250 -0.40000  2.9500 1.0250 -0.40000 
431  2.9500 1.0750 -0.35000  3.0000 1.0750 -0.35000  3.0000 1.0250 -0.35000  2.9500 1.0250 -0.35000 
432  2.9500 1.0750 -0.30000  3.0000 1.0750 -0.30000  3.0000 1.0250 -0.30000  2.9500 1.0250 -0.30000 
433  2.9500 1.0750 -0.25000  3.0000 1.0750 -0.25000  3.0000 1.0250 -0.25000  2.9500 1.0250 -0.25000 
434  2.9500 1.0750 -0.20000  3.0000 1.0750 -0.20000  3.0000 1.0250 -0.20000  2.9500 1.0250 -0.20000 
435  2.9500 1.0750 -0.15000  3.0000 1.0750 -0.15000  3.0000 1.0250 -0.15000  2.9500 1.0250 -0.15000 
436  2.9500 1.0750 -0.10000  3.0000 1.0750 -0.10000  3.0000 1.0250 -0.10000  2.9500 1.0250 -0.10000 
437  2.9500 1.0750 -0.050000  3.0000 1.0750 -0.050000  3.0000 1.0250 -0.050000  2.9500 1.0250 -0.050000 
438  2.9500 1.0750 0.0000  3.0000 1.0750 0.0000  3.0000 1.0250 0.0000  2.9500 1.0250 0.0000 
439  2.9500 1.0750 0.050000  3.0000 1.0750 0.050000  3.0000 1.0250 0.050000  2.9500 1.0250 0.050000 
440  2.9500 1.0750 0.10000  3.0000 1.0750 0.10000  3.0000 1.0250 0.10000  2.9500 1.0250 0.10000 
441  2.9500 1.0750 0.15000  3.0000 1.0750 0.15000  3.0000 1.0250 0.15000  2.9500 1.0250 0.15000 
442  2.9500 1.0750 0.20000  3.0000 1.0750 0.20000  3.0000 1.0250 0.20000  2.9500 1.0250 0.20000 
443  2.9500 1.0750 0.25000  3.0000 1.0750 0.25000  3.0000 1.0250 0.25000  2.9500 1.0250 0.25000 
444  2.9500 1.0750 0.30000  3.0000 1.0750 0.30000  3.0000 1.0250 0.30000  2.9500 1.0250 0.30000 
445  2.9500 1.0750 0.35000  3.0000 1.0750 0.35000  3.0000 1.0250 0.35000  2.9500 1.0250 0.35000 
446  2.9500 1.0750 0.40000  3.0000 1.0750 0.40000  3.0000 1.0250 0.40000  2.9500 1.0250 0.40000 
447  2.9500 1.0750 0.45000  3.0000 1.0750 0.45000  3.0000 1.0250 0.45000  2.9500 1.0250 0.45000 
448  2.9500 1.0250 -0.45000  3.0000 1.0250 -0.45000  3.0000 0.97500 -0.45000  2.9500 0.97500 -0.45000 
449  2.9500 1.0250 -0.40000  3.0000 1.0250 -0.40000  3.0000 0.97500 -0.40000  2.9500 0.97500 -0.40000 
450  2.9500 1.0250 -0.35000  3.0000 1.0250 -0.35000  3.0000 0.97500 -0.35000  2.9500 0.97500 -0.35000 
451  2.9500 1.0250 -0.30000  3.0000 1.0250 -0.30000  3.0000 0.97500 -0.30000  2.9500 0.97500 -0.30000 
452  2.9500 1.0250 -0.25000  3.0000 1.0250 -0.25000  3.0000 0.97500 -0.25000  2.9500 0.97500 -0.25000 
453  2.9500 1.0250 -0.20000  3.0000 1.0250 -0.20000  3.0000 0.97500 -0.20000  2.9500 0.97500 -0.20000 
454  2.9500 1.0250 -0.15000  3.0000 1.0250 -0.15000  3.0000 0.97500 -0.15000  2.9500 0.97500 -0.15000 
455  2.9500 1.0250 -0.10000  3.0000 1.0250 -0.10000  3.0000 0.97500 -0.10000  2.9500 0.97500 -0.10000 
456  2.9500 1.0250 -0.050000  3.0000 1.0250 -0.050000  3.0000 0.97500 -0.050000  2.9500 0.97500 -0.050000 
457  2.9500 1.0250 0.0000  3.0000 1.0250 0.0000  3.0000 0.97500 0.0000  2.9500 0.97500 0.0000 
458  2.9500 1.0250 0.050000  3.0000 1.0250 0.050000  3.0000 0.97500 0.050000  2.9500 0.97500 0.050000 
459  2.9500 1.0250 0.10000  3.0000 1.0250 0.10000  3.0000 0.97500 0.10000  2.9500 0.97500 0.10000 
460  2.9500 1.0250 0.15000  3.0000 1.0250 0.15000  3.0000 0.97500 0.15000  2.9500 0.97500 0.15000 
461  2.9500 1.0250 0.20000  3.0000 1.0250 0.20000  3.0000 0.97500 0.20000  2.9500 0.97500 0.20000 
462  2.9500 1.0250 0.25000  3.0000 1.0250 0.25000  3.0000 0.97500 0.25000  2.9500 0.97500 0.25000 
463  2.9500 1.0250 0.30000  3.0000 1.0250 0.30000  3.0000 0.97500 0.30000  2.9500 0.97500 0.30000 
464  2.9500 1.0250 0.35000  3.0000 1.0250 0.35000  3.0000 0.97500 0.35000  2.9500 0.97500 0.35000 
465  2.9500 1.0250 0.40000  3.0000 1.0250 0.40000  3.0000 0.97500 0.40000  2.9500 0.97500 0.40000 
466  2.9500 1.0250 0.45000  3.0000 1.0250 0.45000  3.0000 0.97500 0.45000  2.9500 0.97500 0.45000 
467  2.9500 0.97500 -0.45000  3.0000 0.97500 -0.45000  3.0000 0.92500 -0.45000  2.9500 0.92500 -0.45000 
468  2.9500 0.97500 -0.40000  3.0000 0.97500 -0.40000  3.0000 0.92500 -0.40000  2.9500 0.92500 -0.40000 
469  2.9500 0.97500 -0.35000  3.0000 0.97500 -0.35000  3.0000 0.92500 -0.35000  2.9500 0.92500 -0.35000 
470  2.9500 0.97500 -0.30000  3.0000 0.97500 -0.30000  3.0000 0.92500 -0.30000  2.9500 0.92500 -0.30000 
471  2.9500 0.97500 -0.25000  3.0000 0.97500 -0.25000  3.0000 0.92500 -0.25000  2.9500 0.92500 -0.25000 
472  2.9500 0.97500 -0.20000  3.0000 0.97500 -0.20000  3.0000 0.92500 -0.20000  2.9500 0.92500 -0.20000 
473  2.9500 0.97500 -0.15000  3.0000 0.97500 -0.15000  3.0000 0.92500 -0.15000  2.9500 0.92500 -0.15000 
474  2.9500 0.97500 -0.10000  3.0000 0.97500 -0.10000  3.0000 0.92500 -0.10000  2.9500 0.92500 -0.10000 
475  2.9500 0.97500 -0.050000  3.0000 0.97500 -0.050000  3.0000 0.92500 -0.050000  2.9500 0.92500 -0.050000 
476  2.9500 0.97500 0.0000  3.0000 0.97500 0.0000  3.0000 0.92500 0.0000  2.9500 0.92500 0.0000 
477  2.9500 0.97500 0.050000  3.0000 0.97500 0.050000  3.0000 0.92500 0.050000  2.9500 0.92500 0.050000 
478  2.9500 0.97500 0.10000  3.0000 0.97500 0.10000  3.0000 0.92500 0.10000  2.9500 0.92500 0.10000 
479  2.9500 0.97500 0.15000  3.0000 0.97500 0.15000  3.0000 0.92500 0.15000  2.9500 0.92500 0.15000 
480  2.9500 0.97500 0.20000  3.0000 0.97500 0.20000  3.0000 0.92500 0.20000  2.9500 0.92500 0.20000 
481  2.9500 0.97500 0.25000  3.0000 0.97500 0.25000  3.0000 0.92500 0.25000  2.9500 0.92500 0.25000 
482  2.9500 0.97500 0.30000  3.0000 0.97500 0.30000  3.0000 0.92500 0.30000  2.9500 0.92500 0.30000 
483  2.9500 0.97500 0.35000  3.0000 0.97500 0.35000  3.0000 0.92500 0.35000  2.9500 0.92500 0.35000 
484  2.9500 0.97500 0.40000  3.0000 0.97500 0.40000  3.0000 0.92500 0.40000  2.9500 0.92500 0.40000 
485  2.9500 0.97500 0.45000  3.0000 0.97500 0.45000  3.0000 0.92500 0.45000  2.9500 0.92500 0.45000 
486  2.9500 0.92500 -0.45000  3.0000 0.92500 -0.45000  3.0000 0.87500 -0.45000  2.9500 0.87500 -0.45000 
487  2.9500 0.92500 -0.40000  3.0000 0.92500 -0.40000  3.0000 0.87500 -0.40000  2.9500 0.87500 -0.40000 
488  2.9500 0.92500 -0.35000  3.0000 0.92500 -0.35000  3.0000 0.87500 -0.35000  2.9500 0.87500 -0.35000 
489  2.9500 0.92500 -0.30000  3.0000 0.92500 -0.30000  3.0000 0.87500 -0.30000  2.9500 0.87500 -0.30000 
490  2.9500 0.92500 -0.25000  3.0000 0.92500 -0.25000  3.0000 0.87500 -0.25000  2.9500 0.87500 -0.25000 
491  2.9500 0.92500 -0.20000  3.0000 0.92500 -0.20000  3.0000 0.87500 -0.20000  2.9500 0.87500 -0.20000 
492  2.9500 0.92500 -0.15000  3.0000 0.92500 -0.15000  3.0000 0.87500 -0.15000  2.9500 0.87500 -0.15000 
493  2.9500 0.92500 -0.10000  3.0000 0.92500 -0.10000  3.0000 0.87500 -0.10000  2.9500 0.87500 -0.10000 
494  2.9500 0.92500 -0.050000  3.0000 0.92500 -0.050000  3.0000 0.87500 -0.050000  2.9500 0.87500 -0.050000 
495  2.9500 0.92500 0.0000  3.0000 0.92500 0.0000  3.0000 0.87500 0.0000  2.9500 0.87500 0.0000 
496  2.9500 0.92500 0.050000  3.0000 0.92500 0.050000  3.0000 0.87500 0.050000  2.9500 0.87500 0.050000 
497  2.9500 0.92500 0.10000  3.0000 0.92500 0.10000  3.0000 0.87500 0.10000  2.9500 0.87500 0.10000 
498  2.9500 0.92500 0.15000  3.0000 0.92500 0.15000  3.0000 0.87500 0.15000  2.9500 0.87500 0.15000 
499  2.9500 0.92500 0.20000  3.0000 0.92500 0.20000  3.0000 0.87500 0.20000  2.9500 0.87500 0.20000 
500  2.9500 0.92500 0.25000  3.0000 0.92500 0.25000  3.0000 0.87500 0.25000  2.9500 0.87500 0.25000 
501  2.9500 0.92500 0.30000  3.0000 0.92500 0.30000  3.0000 0.87500 0.30000  2.9500 0.87500 0.30000 
502  2.9500 0.92500 0.35000  3.0000 0.92500 0.35000  3.0000 0.87500 0.35000  2.9500 0.87500 0.35000 
503  2.9500 0.92500 0.40000  3.0000 0.92500 0.40000  3.0000 0.87500 0.40000  2.9500 0.87500 0.40000 
504  2.9500 0.92500 0.45000  3.0000 0.92500 0.45000  3.0000 0.87500 0.45000  2.9500 0.87500 0.45000 
505  2.9500 0.87500 -0.45000  3.0000 0.87500 -0.45000  3.0000 0.82500 -0.45000  2.9500 0.82500 -0.45000 
506  2.9500 0.87500 -0.40000  3.0000 0.87500 -0.40000  3.0000 0.82500 -0.40000  2.9500 0.82500 -0.40000 
507  2.9500 0.87500 -0.35000  3.0000 0.87500 -0.35000  3.0000 0.82500 -0.35000  2.9500 0.82500 -0.35000 
508  2.9500 0.87500 -0.30000  3.0000 0.87500 -0.30000  3.0000 0.82500 -0.30000  2.9500 0.82500 -0.30000 
509  2.9500 0.87500 -0.25000  3.0000 0.87500 -0.25000  3.0000 0.82500 -0.25000  2.9500 0.82500 -0.25000 
510  2.9500 0.87500 -0.20000  3.0000 0.87500 -0.20000  3.0000 0.82500 -0.20000  2.9500 0.82500 -0.20000 
511  2.9500 0.87500 -0.15000  3.0000 0.87500 -0.15000  3.0000 0.82500 -0.15000  2.9500 0.82500 -0.15000 
512  2.9500 0.87500 -0.10000  3.0000 0.87500 -0.10000  3.0000 0.82500 -0.10000  2.9500 0.82500 -0.10000 
513  2.9500 0.87500 -0.050000  3.0000 0.87500 -0.050000  3.0000 0.82500 -0.050000  2.9500 0.82500 -0.050000 
514  2.9500 0.87500 0.0000  3.0000 0.87500 0.0000  3.0000 0.82500 0.0000  2.9500 0.82500 0.0000 
515  2.9500 0.87500 0.050000  3.0000 0.87500 0.050000  3.0000 0.82500 0.050000  2.9500 0.82500 0.050000 
516  2.9500 0.87500 0.10000  3.0000 0.87500 0.10000  3.0000 0.82500 0.10000  2.9500 0.82500 0.10000 
517  2.9500 0.87500 0.15000  3.0000 0.87500 0.15000  3.0000 0.82500 0.15000  2.9500 0.82500 0.15000 
518  2.9500 0.87500 0.20000  3.0000 0.87500 0.20000  3.0000 0.82500 0.20000  2.9500 0.82500 0.20000 
519  2.9500 0.87500 0.25000  3.0000 0.87500 0.25000  3.0000 0.82500 0.25000  2.9500 0.82500 0.25000 
520  2.9500 0.87500 0.30000  3.0000 0.87500 0.30000  3.0000 0.82500 0.30000  2.9500 0.82500 0.30000 
521  2.9500 0.87500 0.35000  3.0000 0.87500 0.35000  3.0000 0.82500 0.35000  2.9500 0.82500 0.35000 
522  2.9500 0.87500 0.40000  3.0000 0.87500 0.40000  3.0000 0.82500 0.40000  2.9500 0.82500 0.40000 
523  2.9500 0.87500 0.45000  3.0000 0.87500 0.45000  3.0000 0.82500 0.45000  2.9500 0.82500 0.45000 
524  2.9500 0.82500 -0.45000  3.0000 0.82500 -0.45000  3.0000 0.77500 -0.45000  2.9500 0.77500 -0.45000 
525  2.9500 0.82500 -0.40000  3.0000 0.82500 -0.40000  3.0000 0.77500 -0.40000  2.9500 0.77500 -0.40000 
526  2.9500 0.82500 -0.35000  3.0000 0.82500 -0.35000  3.0000 0.77500 -0.35000  2.9500 0.77500 -0.35000 
527  2.9500 0.82500 -0.30000  3.0000 0.82500 -0.30000  3.0000 0.77500 -0.30000  2.9500 0.77500 -0.30000 
528  2.9500 0.82500 -0.25000  3.0000 0.82500 -0.25000  3.0000 0.77500 -0.25000  2.9500 0.77500 -0.25000 
529  2.9500 0.82500 -0.20000  3.0000 0.82500 -0.20000  3.0000 0.77500 -0.20000  2.9500 0.77500 -0.20000 
530  2.9500 0.82500 -0.15000  3.0000 0.82500 -0.15000  3.0000 0.77500 -0.15000  2.9500 0.77500 -0.15000 
531  2.9500 0.82500 -0.10000  3.0000 0.82500 -0.10000  3.0000 0.77500 -0.10000  2.9500 0.77500 -0.10000 
532  2.9500 0.82500 -0.050000  3.0000 0.82500 -0.050000  3.0000 0.77500 -0.050000  2.9500 0.77500 -0.050000 
533  2.9500 0.82500 0.0000  3.0000 0.82500 0.0000  3.0000 0.77500 0.0000  2.9500 0.77500 0.0000 
534  2.9500 0.82500 0.050000  3.0000 0.82500 0.050000  3.0000 0.77500 0.050000  2.9500 0.77500 0.050000 
535  2.9500 0.82500 0.10000  3.0000 0.82500 0.10000  3.0000 0.77500 0.10000  2.9500 0.77500 0.10000 
536  2.9500 0.82500 0.15000  3.0000 0.82500 0.15000  3.0000 0.77500 0.15000  2.9500 0.77500 0.15000 
537  2.9500 0.82500 0.20000  3.0000 0.82500 0.20000  3.0000 0.77500 0.20000  2.9500 0.77500 0.20000 
538  2.9500 0.82500 0.25000  3.0000 0.82500 0.25000  3.0000 0.77500 0.25000  2.9500 0.77500 0.25000 
539  2.9500 0.82500 0.30000  3.0000 0.82500 0.30000  3.0000 0.77500 0.30000  2.9500 0.77500 0.30000 
540  2.9500 0.82500 0.35000  3.0000 0.82500 0.35000  3.0000 0.77500 0.35000  2.9500 0.77500 0.35000 
541  2.9500 0.82500 0.40000  3.0000 0.82500 0.40000  3.0000 0.77500 0.40000  2.9500 0.77500 0.40000 
542  2.9500 0.82500 0.45000  3.0000 0.82500 0.45000  3.0000 0.77500 0.45000  2.9500 0.77500 0.45000 
543  2.9500 0.77500 -0.40000  3.0000 0.77500 -0.40000  3.0000 0.72500 -0.40000  2.9500 0.72500 -0.40000 
544  2.9500 0.77500 -0.35000  3.0000 0.77500 -0.35000  3.0000 0.72500 -0.35000  2.9500 0.72500 -0.35000 
545  2.9500 0.77500 -0.30000  3.0000 0.77500 -0.30000  3.0000 0.72500 -0.30000  2.9500 0.72500 -0.30000 
546  2.9500 0.77500 -0.25000  3.0000 0.77500 -0.25000  3.0000 0.72500 -0.25000  2.9500 0.72500 -0.25000 
547  2.9500 0.77500 -0.20000  3.0000 0.77500 -0.20000  3.0000 0.72500 -0.20000  2.9500 0.72500 -0.20000 
548  2.9500 0.77500 -0.15000  3.0000 0.77500 -0.15000  3.0000 0.72500 -0.15000  2.9500 0.72500 -0.15000 
549  2.9500 0.77500 -0.10000  3.0000 0.77500 -0.10000  3.0000 0.72500 -0.10000  2.9500 0.72500 -0.10000 
550  2.9500 0.77500 -0.050000  3.0000 0.77500 -0.050000  3.0000 0.72500 -0.050000  2.9500 0.72500 -0.050000 
551  2.9500 0.77500 0.0000  3.0000 0.77500 0.0000  3.0000 0.72500 0.0000  2.9500 0.72500 0.0000 
552  2.9500 0.77500 0.050000  3.0000 0.77500 0.050000  3.0000 0.72500 0.050000  2.9500 0.72500 0.050000 
553  2.9500 0.77500 0.10000  3.0000 0.77500 0.10000  3.0000 0.72500 0.10000  2.9500 0.72500 0.10000 
554  2.9500 0.77500 0.15000  3.0000 0.77500 0.15000  3.0000 0.72500 0.15000  2.9500 0.72500 0.15000 
555  2.9500 0.77500 0.20000  3.0000 0.77500 0.20000  3.0000 0.72500 0.20000  2.9500 0.72500 0.20000 
556  2.9500 0.77500 0.25000  3.0000 0.77500 0.25000  3.0000 0.72500 0.25000  2.9500 0.72500 0.25000 
557  2.9500 0.77500 0.30000  3.0000 0.77500 0.30000  3.0000 0.72500 0.30000  2.9500 0.72500 0.30000 
558  2.9500 0.77500 0.35000  3.0000 0.77500 0.35000  3.0000 0.72500 0.35000  2.9500 0.72500 0.35000 
559  2.9500 0.77500 0.40000  3.0000 0.77500 0.40000  3.0000 0.72500 0.40000  2.9500 0.72500 0.40000 
560  2.9500 0.72500 -0.35000  3.0000 0.72500 -0.35000  3.0000 0.67500 -0.35000  2.9500 0.67500 -0.35000 
561  2.9500 0.72500 -0.30000  3.0000 0.72500 -0.30000  3.0000 0.67500 -0.30000  2.9500 0.67500 -0.30000 
562  2.9500 0.72500 -0.25000  3.0000 0.72500 -0.25000  3.0000 0.67500 -0.25000  2.9500 0.67500 -0.25000 
563  2.9500 0.72500 -0.20000  3.0000 0.72500 -0.20000  3.0000 0.67500 -0.20000  2.9500 0.67500 -0.20000 
564  2.9500 0.72500 -0.15000  3.0000 0.72500 -0.15000  3.0000 0.67500 -0.15000  2.9500 0.67500 -0.15000 
565  2.9500 0.72500 -0.10000  3.0000 0.72500 -0.10000  3.0000 0.67500 -0.10000  2.9500 0.67500 -0.10000 
566  2.9500 0.72500 -0.050000  3.0000 0.72500 -0.050000  3.0000 0.67500 -0.050000  2.9500 0.67500 -0.050000 
567  2.9500 0.72500 0.0000  3.0000 0.72500 0.0000  3.0000 0.67500 0.0000  2.9500 0.67500 0.0000 
568  2.9500 0.72500 0.050000  3.0000 0.72500 0.050000  3.0000 0.67500 0.050000  2.9500 0.67500 0.050000 
569  2.9500 0.72500 0.10000  3.0000 0.72500 0.10000  3.0000 0.67500 0.10000  2.9500 0.67500 0.10000 
570  2.9500 0.72500 0.15000  3.0000 0.72500 0.15000  3.0000 0.67500 0.15000  2.9500 0.67500 0.15000 
571  2.9500 0.72500 0.20000  3.0000 0.72500 0.20000  3.0000 0.67500 0.20000  2.9500 0.67500 0.20000 
572  2.9500 0.72500 0.25000  3.0000 0.72500 0.25000  3.0000 0.67500 0.25000  2.9500 0.67500 0.25000 
573  2.9500 0.72500 0.30000  3.0000 0.72500 0.30000  3.0000 0.67500 0.30000  2.9500 0.67500 0.30000 
574  2.9500 0.72500 0.35000  3.0000 0.72500 0.35000  3.0000 0.67500 0.35000  2.9500 0.67500 0.35000 
575  2.9500 0.67500 -0.35000  3.0000 0.67500 -0.35000  3.0000 0.62500 -0.35000  2.9500 0.62500 -0.35000 
576  2.9500 0.67500 -0.30000  3.0000 0.67500 -0.30000  3.0000 0.62500 -0.30000  2.9500 0.62500 -0.30000 
577  2.9500 0.67500 -0.25000  3.0000 0.67500 -0.25000  3.0000 0.62500 -0.25000  2.9500 0.62500 -0.25000 
578  2.9500 0.67500 -0.20000  3.0000 0.67500 -0.20000  3.0000 0.62500 -0.20000  2.9500 0.62500 -0.20000 
579  2.9500 0.67500 -0.15000  3.0000 0.67500 -0.15000  3.0000 0.62500 -0.15000  2.9500 0.62500 -0.15000 
580  2.9500 0.67500 -0.10000  3.0000 0.67500 -0.10000  3.0000 0.62500 -0.10000  2.9500 0.62500 -0.10000 
581  2.9500 0.67500 -0.050000  3.0000 0.67500 -0.050000  3.0000 0.62500 -0.050000  2.9500 0.62500 -0.050000 
582  2.9500 0.67500 0.0000  3.0000 0.67500 0.0000  3.0000 0.62500 0.0000  2.9500 0.62500 0.0000 
583  2.9500 0.67500 0.050000  3.0000 0.67500 0.050000  3.0000 0.62500 0.050000  2.9500 0.62500 0.050000 
584  2.9500 0.67500 0.10000  3.0000 0.67500 0.10000  3.0000 0.62500 0.10000  2.9500 0.62500 0.10000 
585  2.9500 0.67500 0.15000  3.0000 0.67500 0.15000  3.0000 0.62500 0.15000  2.9500 0.62500 0.15000 
586  2.9500 0.67500 0.20000  3.0000 0.67500 0.20000  3.0000 0.62500 0.20000  2.9500 0.62500 0.20000 
587  2.9500 0.67500 0.25000  3.0000 0.67500 0.25000  3.0000 0.62500 0.25000  2.9500 0.62500 0.25000 
588  2.9500 0.67500 0.30000  3.0000 0.67500 0.30000  3.0000 0.62500 0.30000  2.9500 0.62500 0.30000 
589  2.9500 0.67500 0.35000  3.0000 0.67500 0.35000  3.0000 0.62500 0.35000  2.9500 0.62500 0.35000 
590  2.9500 0.62500 -0.25000  3.0000 0.62500 -0.25000  3.0000 0.57500 -0.25000  2.9500 0.57500 -0.25000 
591  2.9500 0.62500 -0.20000  3.0000 0.62500 -0.20000  3.0000 0.57500 -0.20000  2.9500 0.57500 -0.20000 
592  2.9500 0.62500 -0.15000  3.0000 0.62500 -0.15000  3.0000 0.57500 -0.15000  2.9500 0.57500 -0.15000 
593  2.9500 0.62500 -0.10000  3.0000 0.62500 -0.10000  3.0000 0.57500 -0.10000  2.9500 0.57500 -0.10000 
594  2.9500 0.62500 -0.050000  3.0000 0.62500 -0.050000  3.0000 0.57500 -0.050000  2.9500 0.57500 -0.050000 
595  2.9500 0.62500 0.0000  3.0000 0.62500 0.0000  3.0000 0.57500 0.0000  2.9500 0.57500 0.0000 
596  2.9500 0.62500 0.050000  3.0000 0.62500 0.050000  3.0000 0.57500 0.050000  2.9500 0.57500 0.050000 
597  2.9500 0.62500 0.10000  3.0000 0.62500 0.10000  3.0000 0.57500 0.10000  2.9500 0.57500 0.10000 
598  2.9500 0.62500 0.15000  3.0000 0.62500 0.15000  3.0000 0.57500 0.15000  2.9500 0.57500 0.15000 
599  2.9500 0.62500 0.20000  3.0000 0.62500 0.20000  3.0000 0.57500 0.20000  2.9500 0.57500 0.20000 
600  2.9500 0.62500 0.25000  3.0000 0.62500 0.25000  3.0000 0.57500 0.25000  2.9500 0.57500 0.25000 
601  2.9500 0.57500 -0.20000  3.0000 0.57500 -0.20000  3.0000 0.52500 -0.20000  2.9500 0.52500 -0.20000 
602  2.9500 0.57500 -0.15000  3.0000 0.57500 -0.15000  3.0000 0.52500 -0.15000  2.9500 0.52500 -0.15000 
603  2.9500 0.57500 -0.10000  3.0000 0.57500 -0.10000  3.0000 0.52500 -0.10000  2.9500 0.52500 -0.10000 
604  2.9500 0.57500 -0.050000  3.0000 0.57500 -0.050000  3.0000 0.52500 -0.050000  2.9500 0.52500 -0.050000 
605  2.9500 0.57500 0.0000  3.0000 0.57500 0.0000  3.0000 0.52500 0.0000  2.9500 0.52500 0.0000 
606  2.9500 0.57500 0.050000  3.0000 0.57500 0.050000  3.0000 0.52500 0.050000  2.9500 0.52500 0.050000 
607  2.9500 0.57500 0.10000  3.0000 0.57500 0.10000  3.0000 0.52500 0.10000  2.9500 0.52500 0.10000 
608  2.9500 0.57500 0.15000  3.0000 0.57500 0.15000  3.0000 0.52500 0.15000  2.9500 0.52500 0.15000 
609  2.9500 0.57500 0.20000  3.0000 0.57500 0.20000  3.0000 0.52500 0.20000  2.9500 0.52500 0.20000 
610  3.0133 0.89956 -0.13333  3.1497 0.89047 -0.13333  3.1408 0.75743 -0.13333  3.0044 0.76652 -0.13333 
611  3.0133 0.89956 0.0000  3.1497 0.89047 0.0000  3.1408 0.75743 0.0000  3.0044 0.76652 0.0000 
612  3.0133 0.89956 0.13333  3.1497 0.89047 0.13333  3.1408 0.75743 0.13333  3.0044 0.76652 0.13333 
613  3.0044 0.76652 -0.13333  3.1408 0.75743 -0.13333  3.1319 0.62439 -0.13333  2.9956 0.63348 -0.13333 
614  3.0044 0.76652 0.0000  3.1408 0.75743 0.0000  3.1319 0.62439 0.0000  2.9956 0.63348 0.0000 
615  3.0044 0.76652 0.13333  3.1408 0.75743 0.13333  3.1319 0.62439 0.13333  2.9956 0.63348 0.13333 
616  2.9956 0.63348 -0.13333  3.1319 0.62439 -0.13333  3.1231 0.49135 -0.13333  2.9867 0.50044 -0.13333 
617  2.9956 0.63348 0.0000  3.1319 0.62439 0.0000  3.1231 0.49135 0.0000  2.9867 0.50044 0.0000 
618  2.9956 0.63348 0.13333  3.1319 0.62439 0.13333  3.1231 0.49135 0.13333  2.9867 0.50044 0.13333 
619  3.1497 0.89047 -0.13333  3.2860 0.88138 -0.13333  3.2772 0.74834 -0.13333  3.1408 0.75743 -0.13333 
620  3.1497 0.89047 0.0000  3.2860 0.88138 0.0000  3.2772 0.74834 0.0000  3.1408 0.75743 0.0000 
621  3.1497 0.89047 0.13333  3.2860 0.88138 0.13333  3.2772 0.74834 0.13333  3.1408 0.75743 0.13333 
622  3.1408 0.75743 -0.13333  3.2772 0.74834 -0.13333  3.2683 0.61530 -0.13333  3.1319 0.62439 -0.13333 
623  3.1408 0.75743 0.0000  3.2772 0.74834 0.0000  3.2683 0.61530 0.0000  3.1319 0.62439 0.0000 
624  3.1408 0.75743 0.13333  3.2772 0.74834 0.13333  3.2683 0.61530 0.13333  3.1319 0.62439 0.13333 
625  3.1319 0.62439 -0.13333  3.2683 0.61530 -0.13333  3.2594 0.48226 -0.13333  3.1231 0.49135 -0.13333 
626  3.1319 0.62439 0.0000  3.2683 0.61530 0.0000  3.2594 0.48226 0.0000  3.1231 0.49135 0.0000 
627  3.1319 0.62439 0.13333  3.2683 0.61530 0.13333  3.2594 0.48226 0.13333  3.1231 0.49135 0.13333 
628  3.2860 0.88138 -0.13333  3.4224 0.87228 -0.13333  3.4135 0.73925 -0.13333  3.2772 0.74834 -0.13333 
629  3.2860 0.88138 0.0000  3.4224 0.87228 0.0000  3.4135 0.73925 0.0000  3.2772 0.74834 0.0000 
630  3.2860 0.88138 0.13333  3.4224 0.87228 0.13333  3.4135 0.73925 0.13333  3.2772 0.74834 0.13333 
631  3.2772 0.74834 -0.13333  3.4135 0.73925 -0.13333  3.4047 0.60621 -0.13333  3.2683 0.61530 -0.13333 
632  3.2772 0.74834 0.0000  3.4135 0.73925 0.0000  3.4047 0.60621 0.0000  3.2683 0.61530 0.0000 
633  3.2772 0.74834 0.13333  3.4135 0.73925 0.13333  3.4047 0.60621 0.13333  3.2683 0.61530 0.13333 
634  3.2683 0.61530 -0.13333  3.4047 0.60621 -0.13333  3.3958 0.47317 -0.13333  3.2594 0.48226 -0.13333 
635  3.2683 0.61530 0.0000  3.4047 0.60621 0.0000  3.3958 0.47317 0.0000  3.2594 0.48226 0.0000 
636  3.2683 0.61530 0.13333  3.4047 0.60621 0.13333  3.3958 0.47317 0.13333  3.2594 0.48226 0.13333 
637  3.4224 0.87228 0.0000  3.5588 0.86319 0.0000  3.5499 0.73016 0.0000  3.4135 0.73925 0.0000 
638  3.4135 0.73925 -0.13333  3.5499 0.73016 -0.13333  3.5410 0.59712 -0.13333  3.4047 0.60621 -0.13333 
639  3.4135 0.73925 0.0000  3.5499 0.73016 0.0000  3.5410 0.59712 0.0000  3.4047 0.60621 0.0000 
640  3.4135 0.73925 0.13333  3.5499 0.73016 0.13333  3.5410 0.59712 0.13333  3.4047 0.60621 0.13333 
641  3.4047 0.60621 0.0000  3.5410 0.59712 0.0000  3.5322 0.46408 0.0000  3.3958 0.47317 0.0000 
642  3.5588 0.86319 0.0000  3.6951 0.85410 0.0000  3.6863 0.72106 0.0000  3.5499 0.73016 0.0000 
643  3.5499 0.73016 -0.13333  3.6863 0.72106 -0.13333  3.6774 0.58803 -0.13333  3.5410 0.59712 -0.13333 
644  3.5499 0.73016 0.0000  3.6863 0.72106 0.0000  3.6774 0.58803 0.0000  3.5410 0.59712 0.0000 
645  3.5499 0.73016 0.13333  3.6863 0.72106 0.13333  3.6774 0.58803 0.13333  3.5410 0.59712 0.13333 
646  3.5410 0.59712 0.0000  3.6774 0.58803 0.0000  3.6685 0.45499 0.0000  3.5322 0.46408 0.0000 
647  3.6951 0.85410 0.0000  3.8315 0.84501 0.0000  3.8226 0.71197 0.0000  3.6863 0.72106 0.0000 
648  3.6863 0.72106 -0.13333  3.8226 0.71197 -0.13333  3.8137 0.57894 -0.13333  3.6774 0.58803 -0.13333 
649  3.6863 0.72106 0.0000  3.8226 0.71197 0.0000  3.8137 0.57894 0.0000  3.6774 0.58803 0.0000 
650  3.6863 0.72106 0.13333  3.8226 0.71197 0.13333  3.8137 0.57894 0.13333  3.6774 0.58803 0.13333 
651  3.6774 0.58803 0.0000  3.8137 0.57894 0.0000  3.8049 0.44590 0.0000  3.6685 0.45499 0.0000 
652  3.8315 0.84501 0.0000  3.9678 0.83592 0.0000  3.9590 0.70288 0.0000  3.8226 0.71197 0.0000 
653  3.8226 0.71197 -0.13333  3.9590 0.70288 -0.13333  3.9501 0.56984 -0.13333  3.8137 0.57894 -0.13333 
654  3.8226 0.71197 0.0000  3.9590 0.70288 0.0000  3.9501 0.56984 0.0000  3.8137 0.57894 0.0000 
655  3.8226 0.71197 0.13333  3.9590 0.70288 0.13333  3.9501 0.56984 0.13333  3.8137 0.57894 0.13333 
656  3.8137 0.57894 0.0000  3.9501 0.56984 0.0000  3.9412 0.43681 0.0000  3.8049 0.44590 0.0000 
657  3.9678 0.83592 0.0000  4.1042 0.82683 0.0000  4.0953 0.69379 0.0000  3.9590 0.70288 0.0000 
658  3.9590 0.70288 -0.13333  4.0953 0.69379 -0.13333  4.0865 0.56075 -0.13333  3.9501 0.56984 -0.13333 
659  3.9590 0.70288 0.0000  4.0953 0.69379 0.0000  4.0865 0.56075 0.0000  3.9501 0.56984 0.0000 
660  3.9590 0.70288 0.13333  4.0953 0.69379 0.13333  4.0865 0.56075 0.13333  3.9501 0.56984 0.13333 
661  3.9501 0.56984 0.0000  4.0865 0.56075 0.0000  4.0776 0.42772 0.0000  3.9412 0.43681 0.0000 
662  4.1042 0.82683 0.0000  4.2406 0.81774 0.0000  4.2317 0.68470 0.0000  4.0953 0.69379 0.0000 
663  4.0953 0.69379 -0.13333  4.2317 0.68470 -0.13333  4.2228 0.55166 -0.13333  4.0865 0.56075 -0.13333 
664  4.0953 0.69379 0.0000  4.2317 0.68470 0.0000  4.2228 0.55166 0.0000  4.0865 0.56075 0.0000 
665  4.0953 0.69379 0.13333  4.2317 0.68470 0.13333  4.2228 0.55166 0.13333  4.0865 0.56075 0.13333 
666  4.0865 0.56075 0.0000  4.2228 0.55166 0.0000  4.2140 0.41862 0.0000  4.0776 0.42772 0.0000 
667  4.2406 0.81774 0.0000  4.3769 0.80865 0.0000  4.3681 0.67561 0.0000  4.2317 0.68470 0.0000 
668  4.2317 0.68470 -0.13333  4.3681 0.67561 -0.13333  4.3592 0.54257 -0.13333  4.2228 0.55166 -0.13333 
669  4.2317 0.68470 0.0000  4.3681 0.67561 0.0000  4.3592 0.54257 0.0000  4.2228 0.55166 0.0000 
670  4.2317 0.68470 0.13333  4.3681 0.67561 0.13333  4.3592 0.54257 0.13333  4.2228 0.55166 0.13333 
671  4.2228 0.55166 0.0000  4.3592 0.54257 0.0000  4.3503 0.40953 0.0000  4.2140 0.41862 0.0000 
672  4.3769 0.80865 0.0000  4.5133 0.79956 0.0000  4.5044 0.66652 0.0000  4.3681 0.67561 0.0000 
673  4.3681 0.67561 -0.13333  4.5044 0.66652 -0.13333  4.4956 0.53348 -0.13333  4.3592 0.54257 -0.13333 
674  4.3681 0.67561 0.0000  4.5044 0.66652 0.0000  4.4956 0.53348 0.0000  4.3592 0.54257 0.0000 
675  4.3681 0.67561 0.13333  4.5044 0.66652 0.13333  4.4956 0.53348 0.13333  4.3592 0.54257 0.13333 
676  4.3592 0.54257 0.0000  4.4956 0.53348 0.0000  4.4867 0.40044 0.0000  4.3503 0.40953 0.0000 
677  4.5133 0.79956 0.0000  4.6497 0.79047 0.0000  4.6408 0.65743 0.0000  4.5044 0.66652 0.0000 
678  4.5044 0.66652 -0.13333  4.6408 0.65743 -0.13333  4.6319 0.52439 -0.13333  4.4956 0.53348 -0.13333 
679  4.5044 0.66652 0.0000  4.6408 0.65743 0.0000  4.6319 0.52439 0.0000  4.4956 0.53348 0.0000 
680  4.5044 0.66652 0.13333  4.6408 0.65743 0.13333  4.6319 0.52439 0.13333  4.4956 0.53348 0.13333 
681  4.4956 0.53348 0.0000  4.6319 0.52439 0.0000  4.6231 0.39135 0.0000  4.4867 0.40044 0.0000 
682  4.6497 0.79047 0.0000  4.7860 0.78138 0.0000  4.7772 0.64834 0.0000  4.6408 0.65743 0.0000 
683  4.6408 0.65743 -0.13333  4.7772 0.64834 -0.13333  4.7683 0.51530 -0.13333  4.6319 0.52439 -0.13333 
684  4.6408 0.65743 0.0000  4.7772 0.64834 0.0000  4.7683 0.51530 0.0000  4.6319 0.52439 0.0000 
685  4.6408 0.65743 0.13333  4.7772 0.64834 0.13333  4.7683 0.51530 0.13333  4.6319 0.52439 0.13333 
686  4.6319 0.52439 0.0000  4.7683 0.51530 0.0000  4.7594 0.38226 0.0000  4.6231 0.39135 0.0000 
687  4.7860 0.78138 0.0000  4.9224 0.77228 0.0000  4.9135 0.63925 0.0000  4.7772 0.64834 0.0000 
688  4.7772 0.64834 -0.13333  4.9135 0.63925 -0.13333  4.9047 0.50621 -0.13333  4.7683 0.51530 -0.13333 
689  4.7772 0.64834 0.0000  4.9135 0.63925 0.0000  4.9047 0.50621 0.0000  4.7683 0.51530 0.0000 
690  4.7772 0.64834 0.13333  4.9135 0.63925 0.13333  4.9047 0.50621 0.13333  4.7683 0.51530 0.13333 
691  4.7683 0.51530 0.0000  4.9047 0.50621 0.0000  4.8958 0.37317 0.0000  4.7594 0.38226 0.0000 
692  4.9224 0.77228 0.0000  5.0588 0.76319 0.0000  5.0499 0.63016 0.0000  4.9135 0.63925 0.0000 
693  4.9135 0.63925 -0.13333  5.0499 0.63016 -0.13333  5.0410 0.49712 -0.13333  4.9047 0.50621 -0.13333 
694  4.9135 0.63925 0.0000  5.0499 0.63016 0.0000  5.0410 0.49712 0.0000  4.9047 0.50621 0.0000 
695  4.9135 0.63925 0.13333  5.0499 0.63016 0.13333  5.0410 0.49712 0.13333  4.9047 0.50621 0.13333 
696  4.9047 0.50621 0.0000  5.0410 0.49712 0.0000  5.0322 0.36408 0.0000  4.8958 0.37317 0.0000 
697  5.0499 0.63016 0.0000  5.1863 0.62106 0.0000  5.1774 0.48803 0.0000  5.0410 0.49712 0.0000 
698  5.1863 0.62106 0.0000  5.3226 0.61197 0.0000  5.3137 0.47894 0.0000  5.1774 0.48803 0.0000 
699  5.3226 0.61197 0.0000  5.4590 0.60288 0.0000  5.4501 0.46984 0.0000  5.3137 0.47894 0.0000 
700  5.4590 0.60288 0.0000  5.5953 0.59379 0.0000  5.5865 0.46075 0.0000  5.4501 0.46984 0.0000 
701  5.5953 0.59379 0.0000  5.7317 0.58470 0.0000  5.7228 0.45166 0.0000  5.5865 0.46075 0.0000 
702  5.7317 0.58470 0.0000  5.8681 0.57561 0.0000  5.8592 0.44257 0.0000  5.7228 0.45166 0.0000 
703  5.8681 0.57561 0.0000  6.0044 0.56652 0.0000  5.9956 0.43348 0.0000  5.8592 0.44257 0.0000 
704  2.9042 1.5193 0.0000  3.0471 1.5621 0.0000  3.0854 1.4344 0.0000  2.9425 1.3916 0.0000 
705  2.9425 1.3916 -0.13333  3.0854 1.4344 -0.13333  3.1237 1.3067 -0.13333  2.9808 1.2639 -0.13333 
706  2.9425 1.3916 0.0000  3.0854 1.4344 0.0000  3.1237 1.3067 0.0000  2.9808 1.2639 0.0000 
707  2.9425 1.3916 0.13333  3.0854 1.4344 0.13333  3.1237 1.3067 0.13333  2.9808 1.2639 0.13333 
708  2.9808 1.2639 -0.26667  3.1237 1.3067 -0.26667  3.1620 1.1790 -0.26667  3.0192 1.1361 -0.26667 
709  2.9808 1.2639 -0.13333  3.1237 1.3067 -0.13333  3.1620 1.1790 -0.13333  3.0192 1.1361 -0.13333 
710  2.9808 1.2639 0.0000  3.1237 1.3067 0.0000  3.1620 1.1790 0.0000  3.0192 1.1361 0.0000 
711  2.9808 1.2639 0.13333  3.1237 1.3067 0.13333  3.1620 1.1790 0.13333  3.0192 1.1361 0.13333 
712  2.9808 1.2639 0.26667  3.1237 1.3067 0.26667  3.1620 1.1790 0.26667  3.0192 1.1361 0.26667 
713  3.0192 1.1361 -0.13333  3.1620 1.1790 -0.13333  3.2003 1.0513 -0.13333  3.0575 1.0084 -0.13333 
714  3.0192 1.1361 0.0000  3.1620 1.1790 0.0000  3.2003 1.0513 0.0000  3.0575 1.0084 0.0000 
715  3.0192 1.1361 0.13333  3.1620 1.1790 0.13333  3.2003 1.0513 0.13333  3.0575 1.0084 0.13333 
716  3.0575 1.0084 0.0000  3.2003 1.0513 0.0000  3.2386 0.92358 0.0000  3.0958 0.88072 0.0000 
717  3.0854 1.4344 -0.13333  3.2282 1.4773 -0.13333  3.2666 1.3496 -0.13333  3.1237 1.3067 -0.13333 
718  3.0854 1.4344 0.0000  3.2282 1.4773 0.0000  3.2666 1.3496 0.0000  3.1237 1.3067 0.0000 
719  3.0854 1.4344 0.13333  3.2282 1.4773 0.13333  3.2666 1.3496 0.13333  3.1237 1.3067 0.13333 
720  3.1237 1.3067 -0.13333  3.2666 1.3496 -0.13333  3.3049 1.2219 -0.13333  3.1620 1.1790 -0.13333 
721  3.1237 1.3067 0.0000  3.2666 1.3496 0.0000  3.3049 1.2219 0.0000  3.1620 1.1790 0.0000 
722  3.1237 1.3067 0.13333  3.2666 1.3496 0.13333  3.3049 1.2219 0.13333  3.1620 1.1790 0.13333 
723  3.1620 1.1790 -0.13333  3.3049 1.2219 -0.13333  3.3432 1.0941 -0.13333  3.2003 1.0513 -0.13333 
724  3.1620 1.1790 0.0000  3.3049 1.2219 0.0000  3.3432 1.0941 0.0000  3.2003 1.0513 0.0000 
725  3.1620 1.1790 0.13333  3.3049 1.2219 0.13333  3.3432 1.0941 0.13333  3.2003 1.0513 0.13333 
726  3.2282 1.4773 -0.13333  3.3711 1.5201 -0.13333  3.4094 1.3924 -0.13333  3.2666 1.3496 -0.13333 
727  3.2282 1.4773 0.0000  3.3711 1.5201 0.0000  3.4094 1.3924 0.0000  3.2666 1.3496 0.0000 
728  3.2282 1.4773 0.13333  3.3711 1.5201 0.13333  3.4094 1.3924 0.13333  3.2666 1.3496 0.13333 
729  3.2666 1.3496 -0.13333  3.4094 1.3924 -0.13333  3.4477 1.2647 -0.13333  3.3049 1.2219 -0.13333 
730  3.2666 1.3496 0.0000  3.4094 1.3924 0.0000  3.4477 1.2647 0.0000  3.3049 1.2219 0.0000 
731  3.2666 1.3496 0.13333  3.4094 1.3924 0.13333  3.4477 1.2647 0.13333  3.3049 1.2219 0.13333 
732  3.3049 1.2219 -0.13333  3.4477 1.2647 -0.13333  3.4860 1.1370 -0.13333  3.3432 1.0941 -0.13333 
733  3.3049 1.2219 0.0000  3.4477 1.2647 0.0000  3.4860 1.1370 0.0000  3.3432 1.0941 0.0000 
734  3.3049 1.2219 0.13333  3.4477 1.2647 0.13333  3.4860 1.1370 0.13333  3.3432 1.0941 0.13333 
735  3.3711 1.5201 -0.13333  3.5140 1.5630 -0.13333  3.5523 1.4353 -0.13333  3.4094 1.3924 -0.13333 
736  3.3711 1.5201 0.0000  3.5140 1.5630 0.0000  3.5523 1.4353 0.0000  3.4094 1.3924 0.0000 
737  3.3711 1.5201 0.13333  3.5140 1.5630 0.13333  3.5523 1.4353 0.13333  3.4094 1.3924 0.13333 
738  3.4094 1.3924 -0.13333  3.5523 1.4353 -0.13333  3.5906 1.3076 -0.13333  3.4477 1.2647 -0.13333 
739  3.4094 1.3924 0.0000  3.5523 1.4353 0.0000  3.5906 1.3076 0.0000  3.4477 1.2647 0.0000 
740  3.4094 1.3924 0.13333  3.5523 1.4353 0.13333  3.5906 1.3076 0.13333  3.4477 1.2647 0.13333 
741  3.4477 1.2647 -0.13333  3.5906 1.3076 -0.13333  3.6289 1.1799 -0.13333  3.4860 1.1370 -0.13333 
742  3.4477 1.2647 0.0000  3.5906 1.3076 0.0000  3.6289 1.1799 0.0000  3.4860 1.1370 0.0000 
743  3.4477 1.2647 0.13333  3.5906 1.3076 0.13333  3.6289 1.1799 0.13333  3.4860 1.1370 0.13333 
744  3.5140 1.5630 0.0000  3.6568 1.6059 0.0000  3.6951 1.4781 0.0000  3.5523 1.4353 0.0000 
745  3.5523 1.4353 -0.13333  3.6951 1.4781 -0.13333  3.7334 1.3504 -0.13333  3.5906 1.3076 -0.13333 
746  3.5523 1.4353 0.0000  3.6951 1.4781 0.0000  3.7334 1.3504 0.0000  3.5906 1.3076 0.0000 
747  3.5523 1.4353 0.13333  3.6951 1.4781 0.13333  3.7334 1.3504 0.13333  3.5906 1.3076 0.13333 
748  3.5906 1.3076 0.0000  3.7334 1.3504 0.0000  3.7718 1.2227 0.0000  3.6289 1.1799 0.0000 
749  3.6568 1.6059 0.0000  3.7997 1.6487 0.0000  3.8380 1.5210 0.0000  3.6951 1.4781 0.0000 
750  3.6951 1.4781 -0.13333  3.8380 1.5210 -0.13333  3.8763 1.3933 -0.13333  3.7334 1.3504 -0.13333 
751  3.6951 1.4781 0.0000  3.8380 1.5210 0.0000  3.8763 1.3933 0.0000  3.7334 1.3504 0.0000 
752  3.6951 1.4781 0.13333  3.8380 1.5210 0.13333  3.8763 1.3933 0.13333  3.7334 1.3504 0.13333 
753  3.7334 1.3504 0.0000  3.8763 1.3933 0.0000  3.9146 1.2656 0.0000  3.7718 1.2227 0.0000 
754  3.8380 1.5210 0.0000  3.9808 1.5639 0.0000  4.0192 1.4361 0.0000  3.8763 1.3933 0.0000 
755  4.0000 1.5667 0.0000  4.1429 1.5667 0.0000  4.1429 1.4333 0.0000  4.0000 1.4333 0.0000 
756  4.1429 1.5667 0.0000  4.2857 1.5667 0.0000  4.2857 1.4333 0.0000  4.1429 1.4333 0.0000 
757  4.2857 1.5667 0.0000  4.4286 1.5667 0.0000  4.4286 1.4333 0.0000  4.2857 1.4333 0.0000 
758  4.4286 1.5667 0.0000  4.5714 1.5667 0.0000  4.5714 1.4333 0.0000  4.4286 1.4333 0.0000 
759  4.5714 1.5667 0.0000  4.7143 1.5667 0.0000  4.7143 1.4333 0.0000  4.5714 1.4333 0.0000 
760  4.7143 1.5667 0.0000  4.8571 1.5667 0.0000  4.8571 1.4333 0.0000  4.7143 1.4333 0.0000 
761  4.8571 1.5667 0.0000  5.0000 1.5667 0.0000  5.0000 1.4333 0.0000  4.8571 1.4333 0.0000 
