time Vol_0_default_submembrane_pointA_Spc_a Vol_1_default_submembrane_Spc_a Vol_2_region1_submembrane_Spc_a Vol_3_region1_submembrane_Spc_a Vol_0_default_submembrane_pointA_Spc_b Vol_1_default_submembrane_Spc_b Vol_2_region1_submembrane_Spc_b Vol_3_region1_submembrane_Spc_b Vol_0_default_submembrane_pointA_Spc_c Vol_1_default_submembrane_Spc_c Vol_2_region1_submembrane_Spc_c Vol_3_region1_submembrane_Spc_c Vol_0_default_submembrane_pointA_Spc_d Vol_1_default_submembrane_Spc_d Vol_2_region1_submembrane_Spc_d Vol_3_region1_submembrane_Spc_d
0.0 00 00 00 00 60 60 75 76 00 00 00 00 00 00 00 00 
0.050000 00 00 00 00 60 60 75 76 00 00 00 00 00 00 00 00 
0.10000 00 00 00 00 60 60 75 76 00 00 00 00 00 00 00 00 
0.15000 00 00 00 00 60 60 75 76 00 00 00 00 00 00 00 00 
0.20000 00 00 00 00 60 60 75 76 00 00 00 00 00 00 00 00 
0.25000 00 00 00 00 60 60 75 76 00 00 00 00 00 00 00 00 
0.30000 00 00 00 00 60 60 75 76 00 00 00 00 00 00 00 00 
0.35000 00 00 00 00 60 60 75 76 00 00 00 00 00 00 00 00 
0.40000 00 00 00 00 60 60 75 76 00 00 00 00 00 00 00 00 
0.45000 00 00 00 00 60 60 75 76 00 00 00 00 00 00 00 00 
0.50000 00 00 00 00 60 60 75 76 00 00 00 00 00 00 00 00 
0.55000 00 00 00 00 60 60 75 76 00 00 00 00 00 00 00 00 
0.60000 00 00 00 00 60 60 75 76 00 00 00 00 00 00 00 00 
0.65000 00 00 00 00 60 60 75 76 00 00 00 00 00 00 00 00 
0.70000 00 00 00 00 60 60 75 76 00 00 00 00 00 00 00 00 
0.75000 00 00 00 00 60 60 75 76 00 00 00 00 00 00 00 00 
0.80000 00 00 00 00 60 60 75 76 00 00 00 00 00 00 00 00 
0.85000 00 00 00 00 60 60 75 76 00 00 00 00 00 00 00 00 
0.90000 00 00 00 00 60 60 75 76 00 00 00 00 00 00 00 00 
0.95000 00 00 00 00 60 60 75 76 00 00 00 00 00 00 00 00 
1.0000 00 00 00 00 60 60 75 76 00 00 00 00 00 00 00 00 
1.0500 1 00 00 00 60 60 75 76 00 00 00 00 1 00 00 00 
1.1000 2 00 00 00 60 60 75 76 00 00 00 00 00 2 00 00 
1.1500 3 00 00 00 60 60 75 76 00 00 00 00 1 2 00 00 
1.2000 4 00 00 00 60 60 75 76 00 00 00 00 2 2 00 00 
1.2500 5 00 00 00 60 60 75 76 00 00 00 00 4 1 00 00 
1.3000 6 00 00 00 60 60 75 76 00 00 00 00 4 2 00 00 
1.3500 7 00 00 00 60 60 75 76 00 00 00 00 5 2 00 00 
1.4000 8 00 00 00 60 60 75 76 00 00 00 00 5 3 00 00 
1.4500 9 00 00 00 60 60 75 76 00 00 00 00 5 4 00 00 
1.5000 10 00 00 00 60 60 75 76 00 00 00 00 6 4 00 00 
1.5500 11 00 00 00 60 60 75 76 00 00 00 00 7 4 00 00 
1.6000 12 00 00 00 60 60 75 76 00 00 00 00 8 3 1 00 
1.6500 13 00 00 00 60 60 75 76 00 00 00 00 7 5 1 00 
1.7000 13 00 00 00 59 60 75 76 1 00 00 00 7 6 1 00 
1.7500 14 00 00 00 59 60 75 76 1 00 00 00 8 5 2 00 
1.8000 15 00 00 00 59 60 75 76 1 00 00 00 7 7 2 00 
1.8500 16 00 00 00 59 60 75 76 1 00 00 00 9 6 2 00 
1.9000 17 00 00 00 59 60 75 76 1 00 00 00 8 8 2 00 
1.9500 18 00 00 00 59 60 75 76 1 00 00 00 8 7 4 00 
2.0000 19 00 00 00 59 60 75 76 1 00 00 00 8 8 3 1 
2.0500 19 00 00 00 58 60 75 76 2 00 00 00 8 9 3 1 
2.1000 20 00 00 00 58 60 75 76 2 00 00 00 8 10 3 1 
2.1500 21 00 00 00 58 60 75 76 2 00 00 00 10 9 3 1 
2.2000 22 00 00 00 58 60 75 76 2 00 00 00 10 10 2 2 
2.2500 23 00 00 00 58 60 75 76 2 00 00 00 11 8 3 3 
2.3000 24 00 00 00 58 60 75 76 2 00 00 00 13 7 3 3 
2.3500 25 00 00 00 58 60 75 76 2 00 00 00 13 7 4 3 
2.4000 26 00 00 00 58 60 75 76 2 00 00 00 13 8 3 4 
2.4500 27 00 00 00 58 60 75 76 2 00 00 00 15 7 2 5 
2.5000 28 00 00 00 58 60 75 76 2 00 00 00 15 7 2 6 
2.5500 29 00 00 00 58 60 75 76 2 00 00 00 16 7 2 6 
2.6000 30 00 00 00 58 60 75 76 2 00 00 00 15 9 2 6 
2.6500 31 00 00 00 58 60 75 76 2 00 00 00 17 8 2 6 
2.7000 32 00 00 00 58 60 75 76 2 00 00 00 16 10 3 5 
2.7500 33 00 00 00 58 60 75 76 2 00 00 00 18 9 3 5 
2.8000 34 00 00 00 58 60 75 76 2 00 00 00 19 9 3 5 
2.8500 35 00 00 00 58 60 75 76 2 00 00 00 20 8 4 5 
2.9000 35 00 00 00 57 60 75 76 3 00 00 00 20 8 5 5 
2.9500 36 00 00 00 57 60 75 76 3 00 00 00 21 8 5 5 
3.0000 37 00 00 00 57 60 75 76 3 00 00 00 21 8 3 8 
3.0500 38 00 00 00 57 60 75 76 3 00 00 00 20 10 3 8 
3.1000 39 00 00 00 57 60 75 76 3 00 00 00 20 11 3 8 
3.1500 39 00 00 00 56 60 75 76 4 00 00 00 22 9 5 7 
3.2000 40 00 00 00 56 60 75 76 4 00 00 00 24 7 5 8 
3.2500 40 00 00 00 55 60 75 76 5 00 00 00 25 7 5 8 
3.3000 41 00 00 00 55 60 75 76 5 00 00 00 27 6 5 8 
3.3500 42 00 00 00 55 60 75 76 5 00 00 00 29 5 5 8 
3.4000 43 00 00 00 55 60 75 76 5 00 00 00 29 6 5 8 
3.4500 44 00 00 00 55 60 75 76 5 00 00 00 30 6 5 8 
3.5000 44 00 00 00 54 60 75 76 6 00 00 00 30 8 4 8 
3.5500 45 00 00 00 54 60 75 76 6 00 00 00 32 7 4 8 
3.6000 46 00 00 00 54 60 75 76 6 00 00 00 30 9 5 8 
3.6500 47 00 00 00 54 60 75 76 6 00 00 00 29 12 4 8 
3.7000 48 00 00 00 54 60 75 76 6 00 00 00 29 13 3 9 
3.7500 48 00 00 00 53 60 75 76 7 00 00 00 31 11 4 9 
3.8000 49 00 00 00 53 60 75 76 7 00 00 00 30 13 5 8 
3.8500 50 00 00 00 53 60 75 76 7 00 00 00 33 10 6 8 
3.9000 51 00 00 00 53 60 75 76 7 00 00 00 36 8 7 7 
3.9500 52 00 00 00 53 60 75 76 7 00 00 00 36 9 7 7 
4.0000 52 00 00 00 52 60 75 76 8 00 00 00 35 11 5 9 
4.0500 53 00 00 00 52 60 75 76 8 00 00 00 36 9 7 9 
4.1000 54 00 00 00 52 60 75 76 8 00 00 00 36 10 6 10 
4.1500 55 00 00 00 52 60 75 76 8 00 00 00 36 11 5 11 
4.2000 56 00 00 00 52 60 75 76 8 00 00 00 33 14 6 11 
4.2500 57 00 00 00 52 60 75 76 8 00 00 00 32 15 7 11 
4.3000 58 00 00 00 52 60 75 76 8 00 00 00 31 16 8 11 
4.3500 58 00 00 00 51 60 75 76 9 00 00 00 30 17 9 11 
4.4000 59 00 00 00 51 60 75 76 9 00 00 00 30 17 10 11 
4.4500 60 00 00 00 51 60 75 76 9 00 00 00 30 19 8 12 
4.5000 61 00 00 00 51 60 75 76 9 00 00 00 29 19 10 12 
4.5500 62 00 00 00 51 60 75 76 9 00 00 00 33 17 9 12 
4.6000 61 00 00 00 49 60 75 76 11 00 00 00 34 17 9 12 
4.6500 61 00 00 00 48 60 75 76 12 00 00 00 34 19 9 11 
4.7000 62 00 00 00 48 60 75 76 12 00 00 00 32 19 11 12 
4.7500 63 00 00 00 48 60 75 76 12 00 00 00 31 21 11 12 
4.8000 64 00 00 00 48 60 75 76 12 00 00 00 31 21 13 11 
4.8500 65 00 00 00 48 60 75 76 12 00 00 00 32 20 13 12 
4.9000 66 00 00 00 48 60 75 76 12 00 00 00 33 19 15 11 
4.9500 67 00 00 00 48 60 75 76 12 00 00 00 32 20 14 13 
5.0000 68 00 00 00 48 60 75 76 12 00 00 00 32 20 15 13 
5.0500 69 00 00 00 48 60 75 76 12 00 00 00 31 19 19 12 
5.1000 70 00 00 00 48 60 75 76 12 00 00 00 29 20 20 13 
5.1500 70 00 00 00 47 60 75 76 13 00 00 00 29 21 19 14 
5.2000 71 00 00 00 47 60 75 76 13 00 00 00 30 22 18 14 
5.2500 72 00 00 00 47 60 75 76 13 00 00 00 32 21 18 14 
5.3000 72 00 00 00 46 60 75 76 14 00 00 00 34 19 18 15 
5.3500 72 00 00 00 45 60 75 76 15 00 00 00 31 22 21 13 
5.4000 73 00 00 00 45 60 75 76 15 00 00 00 33 23 18 14 
5.4500 74 00 00 00 45 60 75 76 15 00 00 00 32 22 20 15 
5.5000 74 00 00 00 44 60 75 76 16 00 00 00 33 22 20 15 
5.5500 75 00 00 00 44 60 75 76 16 00 00 00 32 24 22 13 
5.6000 75 00 00 00 43 60 75 76 17 00 00 00 32 26 22 12 
5.6500 76 00 00 00 43 60 75 76 17 00 00 00 31 29 21 12 
5.7000 77 00 00 00 43 60 75 76 17 00 00 00 30 32 21 11 
5.7500 78 00 00 00 43 60 75 76 17 00 00 00 33 28 20 14 
5.8000 77 00 00 00 41 60 75 76 19 00 00 00 31 32 19 14 
5.8500 77 00 00 00 40 60 75 76 20 00 00 00 30 30 23 14 
5.9000 78 00 00 00 40 60 75 76 20 00 00 00 27 35 21 15 
5.9500 79 00 00 00 40 60 75 76 20 00 00 00 28 34 20 17 
6.0000 80 00 00 00 40 60 75 76 20 00 00 00 28 34 23 15 
6.0500 81 00 00 00 40 60 75 76 20 00 00 00 26 37 20 18 
6.1000 82 00 00 00 40 60 75 76 20 00 00 00 27 36 20 19 
6.1500 83 00 00 00 40 60 75 76 20 00 00 00 28 34 21 20 
6.2000 84 00 00 00 40 60 75 76 20 00 00 00 28 35 23 18 
6.2500 85 00 00 00 40 60 75 76 20 00 00 00 30 32 25 18 
6.3000 84 00 00 00 38 60 75 76 22 00 00 00 29 38 17 22 
6.3500 85 00 00 00 38 60 75 76 22 00 00 00 32 35 19 21 
6.4000 86 00 00 00 38 60 75 76 22 00 00 00 35 32 22 19 
6.4500 86 00 00 00 37 60 75 76 23 00 00 00 36 31 23 19 
6.5000 87 00 00 00 37 60 75 76 23 00 00 00 36 32 21 21 
6.5500 88 00 00 00 37 60 75 76 23 00 00 00 36 33 22 20 
6.6000 89 00 00 00 37 60 75 76 23 00 00 00 38 31 23 20 
6.6500 90 00 00 00 37 60 75 76 23 00 00 00 40 31 22 20 
6.7000 90 00 00 00 36 60 75 76 24 00 00 00 42 29 24 19 
6.7500 91 00 00 00 36 60 75 76 24 00 00 00 40 30 24 21 
6.8000 92 00 00 00 36 60 75 76 24 00 00 00 39 33 25 19 
6.8500 92 00 00 00 35 60 75 76 25 00 00 00 42 29 27 19 
6.9000 92 00 00 00 34 60 75 76 26 00 00 00 42 25 30 21 
6.9500 93 00 00 00 34 60 75 76 26 00 00 00 42 26 29 22 
7.0000 94 00 00 00 34 60 75 76 26 00 00 00 41 30 29 20 
7.0500 95 00 00 00 34 60 75 76 26 00 00 00 36 33 31 21 
7.1000 95 00 00 00 33 60 75 76 27 00 00 00 35 35 31 21 
7.1500 96 00 00 00 33 60 75 76 27 00 00 00 36 34 33 20 
7.2000 97 00 00 00 33 60 75 76 27 00 00 00 41 28 35 20 
7.2500 98 00 00 00 33 60 75 76 27 00 00 00 43 27 36 19 
7.3000 99 00 00 00 33 60 75 76 27 00 00 00 40 30 37 19 
7.3500 100 00 00 00 33 60 75 76 27 00 00 00 41 26 39 21 
7.4000 101 00 00 00 33 60 75 76 27 00 00 00 44 25 36 23 
7.4500 102 00 00 00 33 60 75 76 27 00 00 00 45 31 28 25 
7.5000 102 00 00 00 32 60 75 76 28 00 00 00 43 33 28 26 
7.5500 102 00 00 00 31 60 75 76 29 00 00 00 39 38 27 27 
7.6000 103 00 00 00 31 60 75 76 29 00 00 00 39 37 29 27 
7.6500 104 00 00 00 31 60 75 76 29 00 00 00 37 37 31 28 
7.7000 104 00 00 00 30 60 75 76 30 00 00 00 34 43 29 28 
7.7500 105 00 00 00 30 60 75 76 30 00 00 00 34 46 28 27 
7.8000 106 00 00 00 30 60 75 76 30 00 00 00 34 45 31 26 
7.8500 107 00 00 00 30 60 75 76 30 00 00 00 37 45 30 25 
7.9000 108 00 00 00 30 60 75 76 30 00 00 00 38 45 29 26 
7.9500 109 00 00 00 30 60 75 76 30 00 00 00 38 43 31 27 
8.0000 110 00 00 00 30 60 75 76 30 00 00 00 36 46 31 27 
8.0500 110 00 00 00 29 60 75 76 31 00 00 00 42 40 32 27 
8.1000 111 00 00 00 29 60 75 76 31 00 00 00 41 39 38 24 
8.1500 112 00 00 00 29 60 75 76 31 00 00 00 42 36 40 25 
8.2000 113 00 00 00 29 60 75 76 31 00 00 00 42 38 38 26 
8.2500 114 00 00 00 29 60 75 76 31 00 00 00 44 38 38 25 
8.3000 114 00 00 00 28 60 75 76 32 00 00 00 42 44 35 25 
8.3500 115 00 00 00 28 60 75 76 32 00 00 00 45 39 38 25 
8.4000 116 00 00 00 28 60 75 76 32 00 00 00 44 41 39 24 
8.4500 117 00 00 00 28 60 75 76 32 00 00 00 47 42 36 24 
8.5000 118 00 00 00 28 60 75 76 32 00 00 00 48 41 34 27 
8.5500 119 00 00 00 28 60 75 76 32 00 00 00 46 42 39 24 
8.6000 120 00 00 00 28 60 75 76 32 00 00 00 47 45 38 22 
8.6500 121 00 00 00 28 60 75 76 32 00 00 00 52 39 40 22 
8.7000 122 00 00 00 28 60 75 76 32 00 00 00 52 38 41 23 
8.7500 123 00 00 00 28 60 75 76 32 00 00 00 53 35 44 23 
8.8000 124 00 00 00 28 60 75 76 32 00 00 00 54 34 42 26 
8.8500 125 00 00 00 28 60 75 76 32 00 00 00 52 38 42 25 
8.9000 126 00 00 00 28 60 75 76 32 00 00 00 52 38 40 28 
8.9500 126 00 00 00 27 60 75 76 33 00 00 00 54 37 41 27 
9.0000 126 00 00 00 26 60 75 76 34 00 00 00 57 36 37 30 
9.0500 126 00 00 00 25 60 75 76 35 00 00 00 54 39 39 29 
9.1000 127 00 00 00 25 60 75 76 35 00 00 00 55 41 34 32 
9.1500 127 00 00 00 24 60 75 76 36 00 00 00 57 41 32 33 
9.2000 128 00 00 00 24 60 75 76 36 00 00 00 58 41 32 33 
9.2500 129 00 00 00 24 60 75 76 36 00 00 00 58 41 31 35 
9.3000 130 00 00 00 24 60 75 76 36 00 00 00 54 46 32 34 
9.3500 131 00 00 00 24 60 75 76 36 00 00 00 54 49 32 32 
9.4000 132 00 00 00 24 60 75 76 36 00 00 00 56 44 34 34 
9.4500 133 00 00 00 24 60 75 76 36 00 00 00 58 42 33 36 
9.5000 134 00 00 00 24 60 75 76 36 00 00 00 55 47 31 37 
9.5500 135 00 00 00 24 60 75 76 36 00 00 00 56 48 31 36 
9.6000 136 00 00 00 24 60 75 76 36 00 00 00 50 51 34 37 
9.6500 137 00 00 00 24 60 75 76 36 00 00 00 54 44 41 34 
9.7000 138 00 00 00 24 60 75 76 36 00 00 00 58 40 42 34 
9.7500 139 00 00 00 24 60 75 76 36 00 00 00 57 41 42 35 
9.8000 140 00 00 00 24 60 75 76 36 00 00 00 59 39 43 35 
9.8500 141 00 00 00 24 60 75 76 36 00 00 00 55 43 44 35 
9.9000 142 00 00 00 24 60 75 76 36 00 00 00 53 45 46 34 
9.9500 143 00 00 00 24 60 75 76 36 00 00 00 52 48 43 36 
10.000 144 00 00 00 24 60 75 76 36 00 00 00 50 53 37 40 
10.050 145 00 00 00 24 60 75 76 36 00 00 00 53 51 36 41 
10.100 146 00 00 00 24 60 75 76 36 00 00 00 54 50 36 42 
10.150 147 00 00 00 24 60 75 76 36 00 00 00 55 49 36 43 
10.200 148 00 00 00 24 60 75 76 36 00 00 00 57 48 37 42 
10.250 149 00 00 00 24 60 75 76 36 00 00 00 56 51 35 43 
10.300 150 00 00 00 24 60 75 76 36 00 00 00 54 53 38 41 
10.350 151 00 00 00 24 60 75 76 36 00 00 00 58 50 39 40 
10.400 152 00 00 00 24 60 75 76 36 00 00 00 57 51 40 40 
10.450 153 00 00 00 24 60 75 76 36 00 00 00 55 52 38 44 
10.500 154 00 00 00 24 60 75 76 36 00 00 00 56 56 34 44 
10.550 153 00 00 00 22 60 75 76 38 00 00 00 59 52 36 44 
10.600 154 00 00 00 22 60 75 76 38 00 00 00 60 51 36 45 
10.650 155 00 00 00 22 60 75 76 38 00 00 00 60 47 42 44 
10.700 156 00 00 00 22 60 75 76 38 00 00 00 60 48 43 43 
10.750 157 00 00 00 22 60 75 76 38 00 00 00 63 45 44 43 
10.800 157 00 00 00 21 60 75 76 39 00 00 00 55 54 46 41 
10.850 158 00 00 00 21 60 75 76 39 00 00 00 55 57 46 39 
10.900 159 00 00 00 21 60 75 76 39 00 00 00 55 57 45 41 
10.950 160 00 00 00 21 60 75 76 39 00 00 00 56 57 47 39 
11.000 161 00 00 00 21 60 75 76 39 00 00 00 54 58 46 42 
11.050 161 00 00 00 21 60 75 76 39 00 00 00 54 58 45 43 
11.100 160 00 00 00 20 60 75 76 40 00 00 00 53 56 49 42 
11.150 160 00 00 00 20 60 75 76 40 00 00 00 53 55 49 43 
11.200 160 00 00 00 20 60 75 76 40 00 00 00 52 58 47 43 
11.250 160 00 00 00 20 60 75 76 40 00 00 00 54 51 50 45 
11.300 159 00 00 00 19 60 75 76 41 00 00 00 56 54 46 44 
11.350 159 00 00 00 19 60 75 76 41 00 00 00 53 54 47 46 
11.400 158 00 00 00 18 60 75 76 42 00 00 00 54 51 48 47 
11.450 158 00 00 00 18 60 75 76 42 00 00 00 48 61 45 46 
11.500 158 00 00 00 18 60 75 76 42 00 00 00 44 59 53 44 
11.550 158 00 00 00 18 60 75 76 42 00 00 00 43 58 54 45 
11.600 158 00 00 00 18 60 75 76 42 00 00 00 40 61 54 45 
11.650 158 00 00 00 18 60 75 76 42 00 00 00 42 59 54 45 
11.700 157 00 00 00 17 60 75 76 43 00 00 00 41 55 56 48 
11.750 157 00 00 00 17 60 75 76 43 00 00 00 39 63 51 47 
11.800 157 00 00 00 17 60 75 76 43 00 00 00 38 65 47 50 
11.850 157 00 00 00 17 60 75 76 43 00 00 00 42 58 49 51 
11.900 157 00 00 00 17 60 75 76 43 00 00 00 44 55 53 48 
11.950 157 00 00 00 17 60 75 76 43 00 00 00 42 57 50 51 
12.000 157 00 00 00 17 60 75 76 43 00 00 00 43 53 54 50 
12.050 157 00 00 00 17 60 75 76 43 00 00 00 43 48 59 50 
12.100 157 00 00 00 17 60 75 76 43 00 00 00 43 51 55 51 
12.150 157 00 00 00 17 60 75 76 43 00 00 00 47 46 56 51 
12.200 157 00 00 00 17 60 75 76 43 00 00 00 44 48 59 49 
12.250 157 00 00 00 17 60 75 76 43 00 00 00 45 49 60 46 
12.300 156 00 00 00 16 60 75 76 44 00 00 00 48 44 60 48 
12.350 156 00 00 00 16 60 75 76 44 00 00 00 45 52 55 48 
12.400 156 00 00 00 16 60 75 76 44 00 00 00 45 56 52 47 
12.450 156 00 00 00 16 60 75 76 44 00 00 00 46 55 52 47 
12.500 156 00 00 00 16 60 75 76 44 00 00 00 51 45 54 50 
12.550 155 00 00 00 15 60 75 76 45 00 00 00 46 48 55 51 
12.600 155 00 00 00 15 60 75 76 45 00 00 00 46 46 57 51 
12.650 155 00 00 00 15 60 75 76 45 00 00 00 46 45 54 55 
12.700 155 00 00 00 15 60 75 76 45 00 00 00 48 41 58 53 
12.750 155 00 00 00 15 60 75 76 45 00 00 00 47 41 57 55 
12.800 154 00 00 00 14 60 75 76 46 00 00 00 48 38 60 54 
12.850 154 00 00 00 14 60 75 76 46 00 00 00 48 39 61 52 
12.900 154 00 00 00 14 60 75 76 46 00 00 00 48 39 64 49 
12.950 154 00 00 00 14 60 75 76 46 00 00 00 46 43 59 52 
13.000 154 00 00 00 14 60 75 76 46 00 00 00 47 40 60 53 
13.050 154 00 00 00 14 60 75 76 46 00 00 00 43 40 61 56 
13.100 154 00 00 00 14 60 75 76 46 00 00 00 46 37 59 58 
13.150 154 00 00 00 14 60 75 76 46 00 00 00 44 36 60 60 
13.200 154 00 00 00 14 60 75 76 46 00 00 00 41 39 61 59 
13.250 154 00 00 00 14 60 75 76 46 00 00 00 44 36 59 61 
13.300 153 00 00 00 13 60 75 76 47 00 00 00 46 34 60 60 
13.350 153 00 00 00 13 60 75 76 47 00 00 00 47 37 55 61 
13.400 153 00 00 00 13 60 75 76 47 00 00 00 41 44 54 61 
13.450 153 00 00 00 13 60 75 76 47 00 00 00 39 44 58 59 
13.500 153 00 00 00 13 60 75 76 47 00 00 00 40 42 60 58 
13.550 153 00 00 00 13 60 75 76 47 00 00 00 36 44 61 59 
13.600 152 00 00 00 12 60 75 76 48 00 00 00 34 45 58 63 
13.650 152 00 00 00 12 60 75 76 48 00 00 00 36 42 61 61 
13.700 152 00 00 00 12 60 75 76 48 00 00 00 39 38 61 62 
13.750 152 00 00 00 12 60 75 76 48 00 00 00 37 41 59 63 
13.800 152 00 00 00 12 60 75 76 48 00 00 00 36 42 64 58 
13.850 152 00 00 00 12 60 75 76 48 00 00 00 36 44 59 61 
13.900 152 00 00 00 12 60 75 76 48 00 00 00 35 44 54 67 
13.950 152 00 00 00 12 60 75 76 48 00 00 00 36 45 53 66 
14.000 152 00 00 00 12 60 75 76 48 00 00 00 38 42 56 64 
14.050 152 00 00 00 12 60 75 76 48 00 00 00 42 38 58 62 
14.100 152 00 00 00 12 60 75 76 48 00 00 00 41 40 56 63 
14.150 152 00 00 00 12 60 75 76 48 00 00 00 39 40 61 60 
14.200 152 00 00 00 12 60 75 76 48 00 00 00 41 39 63 57 
14.250 152 00 00 00 12 60 75 76 48 00 00 00 41 41 60 58 
14.300 151 00 00 00 11 60 75 76 49 00 00 00 44 37 59 60 
14.350 151 00 00 00 11 60 75 76 49 00 00 00 43 37 58 62 
14.400 151 00 00 00 11 60 75 76 49 00 00 00 44 38 56 62 
14.450 151 00 00 00 11 60 75 76 49 00 00 00 42 41 55 62 
14.500 151 00 00 00 11 60 75 76 49 00 00 00 39 41 57 63 
14.550 151 00 00 00 11 60 75 76 49 00 00 00 37 41 54 68 
14.600 151 00 00 00 11 60 75 76 49 00 00 00 32 47 53 68 
14.650 151 00 00 00 11 60 75 76 49 00 00 00 34 44 53 69 
14.700 151 00 00 00 11 60 75 76 49 00 00 00 36 43 46 75 
14.750 150 00 00 00 10 60 75 76 50 00 00 00 39 41 46 74 
14.800 150 00 00 00 10 60 75 76 50 00 00 00 40 41 47 72 
14.850 150 00 00 00 10 60 75 76 50 00 00 00 42 39 48 71 
14.900 150 00 00 00 10 60 75 76 50 00 00 00 42 39 50 69 
14.950 150 00 00 00 10 60 75 76 50 00 00 00 36 45 52 67 
15.000 149 00 00 00 9 60 75 76 51 00 00 00 35 45 56 64 
15.050 149 00 00 00 9 60 75 76 51 00 00 00 32 50 56 62 
15.100 148 00 00 00 8 60 75 76 52 00 00 00 34 52 57 57 
15.150 148 00 00 00 8 60 75 76 52 00 00 00 35 47 59 59 
15.200 147 00 00 00 7 60 75 76 53 00 00 00 35 46 58 61 
15.250 147 00 00 00 7 60 75 76 53 00 00 00 37 41 62 60 
15.300 147 00 00 00 7 60 75 76 53 00 00 00 37 41 61 61 
15.350 146 00 00 00 6 60 75 76 54 00 00 00 40 38 62 60 
15.400 146 00 00 00 6 60 75 76 54 00 00 00 41 40 56 63 
15.450 146 00 00 00 6 60 75 76 54 00 00 00 43 38 57 62 
15.500 146 00 00 00 6 60 75 76 54 00 00 00 38 42 57 63 
15.550 146 00 00 00 6 60 75 76 54 00 00 00 43 37 57 63 
15.600 146 00 00 00 6 60 75 76 54 00 00 00 45 37 56 62 
15.650 146 00 00 00 6 60 75 76 54 00 00 00 43 39 52 66 
15.700 146 00 00 00 6 60 75 76 54 00 00 00 42 34 57 67 
15.750 146 00 00 00 6 60 75 76 54 00 00 00 40 38 53 69 
15.800 146 00 00 00 6 60 75 76 54 00 00 00 40 36 57 67 
15.850 145 00 00 00 5 60 75 76 55 00 00 00 37 40 57 66 
15.900 145 00 00 00 5 60 75 76 55 00 00 00 39 40 57 64 
15.950 145 00 00 00 5 60 75 76 55 00 00 00 40 36 64 60 
16.000 145 00 00 00 5 60 75 76 55 00 00 00 40 38 59 63 
16.050 145 00 00 00 5 60 75 76 55 00 00 00 41 39 58 62 
16.100 145 00 00 00 5 60 75 76 55 00 00 00 40 40 60 60 
16.150 144 00 00 00 4 60 75 76 56 00 00 00 39 45 56 60 
16.200 144 00 00 00 4 60 75 76 56 00 00 00 39 47 52 62 
16.250 144 00 00 00 4 60 75 76 56 00 00 00 40 48 48 64 
16.300 143 00 00 00 3 60 75 76 57 00 00 00 41 47 51 61 
16.350 143 00 00 00 3 60 75 76 57 00 00 00 41 48 52 59 
16.400 143 00 00 00 3 60 75 76 57 00 00 00 43 45 51 61 
16.450 143 00 00 00 3 60 75 76 57 00 00 00 38 48 55 59 
16.500 143 00 00 00 3 60 75 76 57 00 00 00 38 44 58 60 
16.550 143 00 00 00 3 60 75 76 57 00 00 00 39 40 61 60 
16.600 143 00 00 00 3 60 75 76 57 00 00 00 36 47 56 61 
16.650 143 00 00 00 3 60 75 76 57 00 00 00 40 43 56 61 
16.700 143 00 00 00 3 60 75 76 57 00 00 00 39 44 56 61 
16.750 143 00 00 00 3 60 75 76 57 00 00 00 38 47 58 57 
16.800 143 00 00 00 3 60 75 76 57 00 00 00 39 46 57 58 
16.850 143 00 00 00 3 60 75 76 57 00 00 00 37 49 57 57 
16.900 143 00 00 00 3 60 75 76 57 00 00 00 37 47 56 60 
16.950 143 00 00 00 3 60 75 76 57 00 00 00 37 48 55 60 
17.000 143 00 00 00 3 60 75 76 57 00 00 00 37 46 53 64 
17.050 143 00 00 00 3 60 75 76 57 00 00 00 35 51 51 63 
17.100 143 00 00 00 3 60 75 76 57 00 00 00 37 46 51 66 
17.150 143 00 00 00 3 60 75 76 57 00 00 00 43 41 52 64 
17.200 143 00 00 00 3 60 75 76 57 00 00 00 43 39 57 61 
17.250 143 00 00 00 3 60 75 76 57 00 00 00 45 40 50 65 
17.300 143 00 00 00 3 60 75 76 57 00 00 00 48 35 50 67 
17.350 143 00 00 00 3 60 75 76 57 00 00 00 41 40 53 66 
17.400 143 00 00 00 3 60 75 76 57 00 00 00 42 35 58 65 
17.450 143 00 00 00 3 60 75 76 57 00 00 00 43 36 56 65 
17.500 143 00 00 00 3 60 75 76 57 00 00 00 44 33 62 61 
17.550 143 00 00 00 3 60 75 76 57 00 00 00 42 33 67 58 
17.600 143 00 00 00 3 60 75 76 57 00 00 00 44 33 68 55 
17.650 143 00 00 00 3 60 75 76 57 00 00 00 45 33 64 58 
17.700 143 00 00 00 3 60 75 76 57 00 00 00 45 37 62 56 
17.750 143 00 00 00 3 60 75 76 57 00 00 00 45 39 60 56 
17.800 143 00 00 00 3 60 75 76 57 00 00 00 46 42 56 56 
17.850 143 00 00 00 3 60 75 76 57 00 00 00 45 42 57 56 
17.900 143 00 00 00 3 60 75 76 57 00 00 00 43 46 56 55 
17.950 143 00 00 00 3 60 75 76 57 00 00 00 44 50 53 53 
18.000 143 00 00 00 3 60 75 76 57 00 00 00 48 49 50 53 
18.050 143 00 00 00 3 60 75 76 57 00 00 00 46 54 48 52 
18.100 143 00 00 00 3 60 75 76 57 00 00 00 45 55 48 52 
18.150 143 00 00 00 3 60 75 76 57 00 00 00 43 53 50 54 
18.200 143 00 00 00 3 60 75 76 57 00 00 00 45 49 55 51 
18.250 143 00 00 00 3 60 75 76 57 00 00 00 47 47 57 49 
18.300 143 00 00 00 3 60 75 76 57 00 00 00 48 47 56 49 
18.350 143 00 00 00 3 60 75 76 57 00 00 00 49 45 57 49 
18.400 143 00 00 00 3 60 75 76 57 00 00 00 46 45 61 48 
18.450 143 00 00 00 3 60 75 76 57 00 00 00 47 43 61 49 
18.500 143 00 00 00 3 60 75 76 57 00 00 00 47 44 62 47 
18.550 143 00 00 00 3 60 75 76 57 00 00 00 52 44 56 48 
18.600 143 00 00 00 3 60 75 76 57 00 00 00 53 43 55 49 
18.650 143 00 00 00 3 60 75 76 57 00 00 00 52 45 56 47 
18.700 143 00 00 00 3 60 75 76 57 00 00 00 50 48 55 47 
18.750 143 00 00 00 3 60 75 76 57 00 00 00 52 42 56 50 
18.800 143 00 00 00 3 60 75 76 57 00 00 00 51 43 56 50 
18.850 143 00 00 00 3 60 75 76 57 00 00 00 48 46 56 50 
18.900 143 00 00 00 3 60 75 76 57 00 00 00 54 41 55 50 
18.950 143 00 00 00 3 60 75 76 57 00 00 00 52 40 58 50 
19.000 143 00 00 00 3 60 75 76 57 00 00 00 50 44 57 49 
19.050 143 00 00 00 3 60 75 76 57 00 00 00 49 41 62 48 
19.100 143 00 00 00 3 60 75 76 57 00 00 00 45 47 57 51 
19.150 143 00 00 00 3 60 75 76 57 00 00 00 48 44 58 50 
19.200 143 00 00 00 3 60 75 76 57 00 00 00 49 44 53 54 
19.250 143 00 00 00 3 60 75 76 57 00 00 00 51 42 55 52 
19.300 143 00 00 00 3 60 75 76 57 00 00 00 52 40 56 52 
19.350 143 00 00 00 3 60 75 76 57 00 00 00 50 40 57 53 
19.400 143 00 00 00 3 60 75 76 57 00 00 00 46 46 54 54 
19.450 143 00 00 00 3 60 75 76 57 00 00 00 49 45 51 55 
19.500 143 00 00 00 3 60 75 76 57 00 00 00 47 48 51 54 
19.550 143 00 00 00 3 60 75 76 57 00 00 00 44 51 50 55 
19.600 143 00 00 00 3 60 75 76 57 00 00 00 45 47 57 51 
19.650 143 00 00 00 3 60 75 76 57 00 00 00 45 50 54 51 
19.700 143 00 00 00 3 60 75 76 57 00 00 00 45 51 53 51 
19.750 143 00 00 00 3 60 75 76 57 00 00 00 42 55 52 51 
19.800 143 00 00 00 3 60 75 76 57 00 00 00 42 55 50 53 
19.850 143 00 00 00 3 60 75 76 57 00 00 00 38 59 51 52 
19.900 143 00 00 00 3 60 75 76 57 00 00 00 37 60 53 50 
19.950 143 00 00 00 3 60 75 76 57 00 00 00 38 53 58 51 
