element_index  x0 y0 z0 x1 y1 z1 x2 y2 z2 x3 y3 z3 volume deltaZ
0  2.0000 1.0581 0.090458 2.2500 1.0581 0.090458 2.2500 1.0581 -0.090458 2.0000 1.0581 -0.090458 0.011556 0.0000
1  2.0000 0.67786 0.015216 2.2500 0.67786 0.015216 2.2500 1.1479 0.28659 2.0000 1.1479 0.28659 0.011556 0.0000
2  2.0000 1.1742 0.27137 2.2500 1.1742 0.27137 2.2500 1.1742 -0.27137 2.0000 1.1742 -0.27137 0.011556 0.0000
3  2.0000 1.1479 -0.28659 2.2500 1.1479 -0.28659 2.2500 0.67786 -0.015216 2.0000 0.67786 -0.015216 0.011556 0.0000
4  2.0000 0.53500 0.0000 2.2500 0.53500 0.0000 2.2500 0.59730 0.23250 2.0000 0.59730 0.23250 0.0013563 0.0000
5  2.0000 0.59730 0.23250 2.2500 0.59730 0.23250 2.2500 0.76750 0.40270 2.0000 0.76750 0.40270 0.0013563 0.0000
6  2.0000 0.76750 0.40270 2.2500 0.76750 0.40270 2.2500 1.0000 0.46500 2.0000 1.0000 0.46500 0.0013563 0.0000
7  2.0000 1.0000 0.46500 2.2500 1.0000 0.46500 2.2500 1.2325 0.40270 2.0000 1.2325 0.40270 0.0013563 0.0000
8  2.0000 1.2325 0.40270 2.2500 1.2325 0.40270 2.2500 1.4027 0.23250 2.0000 1.4027 0.23250 0.0013563 0.0000
9  2.0000 1.4027 0.23250 2.2500 1.4027 0.23250 2.2500 1.4650 5.6946e-17 2.0000 1.4650 5.6946e-17 0.0013563 0.0000
10  2.0000 1.4650 5.6946e-17 2.2500 1.4650 5.6946e-17 2.2500 1.4027 -0.23250 2.0000 1.4027 -0.23250 0.0013563 0.0000
11  2.0000 1.4027 -0.23250 2.2500 1.4027 -0.23250 2.2500 1.2325 -0.40270 2.0000 1.2325 -0.40270 0.0013563 0.0000
12  2.0000 1.2325 -0.40270 2.2500 1.2325 -0.40270 2.2500 1.0000 -0.46500 2.0000 1.0000 -0.46500 0.0013563 0.0000
13  2.0000 1.0000 -0.46500 2.2500 1.0000 -0.46500 2.2500 0.76750 -0.40270 2.0000 0.76750 -0.40270 0.0013563 0.0000
14  2.0000 0.76750 -0.40270 2.2500 0.76750 -0.40270 2.2500 0.59730 -0.23250 2.0000 0.59730 -0.23250 0.0013563 0.0000
15  2.0000 0.59730 -0.23250 2.2500 0.59730 -0.23250 2.2500 0.53500 -5.2690e-16 2.0000 0.53500 -5.2690e-16 0.0013563 0.0000
16  2.2500 1.0581 0.090458 2.5000 1.0581 0.090458 2.5000 1.0581 -0.090458 2.2500 1.0581 -0.090458 0.011556 0.0000
17  2.2500 0.67786 0.015216 2.5000 0.67786 0.015216 2.5000 1.1479 0.28659 2.2500 1.1479 0.28659 0.011556 0.0000
18  2.2500 1.1742 0.27137 2.5000 1.1742 0.27137 2.5000 1.1742 -0.27137 2.2500 1.1742 -0.27137 0.011556 0.0000
19  2.2500 1.1479 -0.28659 2.5000 1.1479 -0.28659 2.5000 0.67786 -0.015216 2.2500 0.67786 -0.015216 0.011556 0.0000
20  2.2500 0.53500 0.0000 2.5000 0.53500 0.0000 2.5000 0.59730 0.23250 2.2500 0.59730 0.23250 0.0013563 0.0000
21  2.2500 0.59730 0.23250 2.5000 0.59730 0.23250 2.5000 0.76750 0.40270 2.2500 0.76750 0.40270 0.0013563 0.0000
22  2.2500 0.76750 0.40270 2.5000 0.76750 0.40270 2.5000 1.0000 0.46500 2.2500 1.0000 0.46500 0.0013563 0.0000
23  2.2500 1.0000 0.46500 2.5000 1.0000 0.46500 2.5000 1.2325 0.40270 2.2500 1.2325 0.40270 0.0013563 0.0000
24  2.2500 1.2325 0.40270 2.5000 1.2325 0.40270 2.5000 1.4027 0.23250 2.2500 1.4027 0.23250 0.0013563 0.0000
25  2.2500 1.4027 0.23250 2.5000 1.4027 0.23250 2.5000 1.4650 5.6946e-17 2.2500 1.4650 5.6946e-17 0.0013563 0.0000
26  2.2500 1.4650 5.6946e-17 2.5000 1.4650 5.6946e-17 2.5000 1.4027 -0.23250 2.2500 1.4027 -0.23250 0.0013563 0.0000
27  2.2500 1.4027 -0.23250 2.5000 1.4027 -0.23250 2.5000 1.2325 -0.40270 2.2500 1.2325 -0.40270 0.0013563 0.0000
28  2.2500 1.2325 -0.40270 2.5000 1.2325 -0.40270 2.5000 1.0000 -0.46500 2.2500 1.0000 -0.46500 0.0013563 0.0000
29  2.2500 1.0000 -0.46500 2.5000 1.0000 -0.46500 2.5000 0.76750 -0.40270 2.2500 0.76750 -0.40270 0.0013563 0.0000
30  2.2500 0.76750 -0.40270 2.5000 0.76750 -0.40270 2.5000 0.59730 -0.23250 2.2500 0.59730 -0.23250 0.0013563 0.0000
31  2.2500 0.59730 -0.23250 2.5000 0.59730 -0.23250 2.5000 0.53500 -5.2690e-16 2.2500 0.53500 -5.2690e-16 0.0013563 0.0000
32  2.5000 1.0581 0.090458 2.7500 1.0581 0.090458 2.7500 1.0581 -0.090458 2.5000 1.0581 -0.090458 0.011556 0.0000
33  2.5000 0.67786 0.015216 2.7500 0.67786 0.015216 2.7500 1.1479 0.28659 2.5000 1.1479 0.28659 0.011556 0.0000
34  2.5000 1.1742 0.27137 2.7500 1.1742 0.27137 2.7500 1.1742 -0.27137 2.5000 1.1742 -0.27137 0.011556 0.0000
35  2.5000 1.1479 -0.28659 2.7500 1.1479 -0.28659 2.7500 0.67786 -0.015216 2.5000 0.67786 -0.015216 0.011556 0.0000
36  2.5000 0.53500 0.0000 2.7500 0.53500 0.0000 2.7500 0.59730 0.23250 2.5000 0.59730 0.23250 0.0013563 0.0000
37  2.5000 0.59730 0.23250 2.7500 0.59730 0.23250 2.7500 0.76750 0.40270 2.5000 0.76750 0.40270 0.0013563 0.0000
38  2.5000 0.76750 0.40270 2.7500 0.76750 0.40270 2.7500 1.0000 0.46500 2.5000 1.0000 0.46500 0.0013563 0.0000
39  2.5000 1.0000 0.46500 2.7500 1.0000 0.46500 2.7500 1.2325 0.40270 2.5000 1.2325 0.40270 0.0013563 0.0000
40  2.5000 1.2325 0.40270 2.7500 1.2325 0.40270 2.7500 1.4027 0.23250 2.5000 1.4027 0.23250 0.0013563 0.0000
41  2.5000 1.4027 0.23250 2.7500 1.4027 0.23250 2.7500 1.4650 5.6946e-17 2.5000 1.4650 5.6946e-17 0.0013563 0.0000
42  2.5000 1.4650 5.6946e-17 2.7500 1.4650 5.6946e-17 2.7500 1.4027 -0.23250 2.5000 1.4027 -0.23250 0.0013563 0.0000
43  2.5000 1.4027 -0.23250 2.7500 1.4027 -0.23250 2.7500 1.2325 -0.40270 2.5000 1.2325 -0.40270 0.0013563 0.0000
44  2.5000 1.2325 -0.40270 2.7500 1.2325 -0.40270 2.7500 1.0000 -0.46500 2.5000 1.0000 -0.46500 0.0013563 0.0000
45  2.5000 1.0000 -0.46500 2.7500 1.0000 -0.46500 2.7500 0.76750 -0.40270 2.5000 0.76750 -0.40270 0.0013563 0.0000
46  2.5000 0.76750 -0.40270 2.7500 0.76750 -0.40270 2.7500 0.59730 -0.23250 2.5000 0.59730 -0.23250 0.0013563 0.0000
47  2.5000 0.59730 -0.23250 2.7500 0.59730 -0.23250 2.7500 0.53500 -5.2690e-16 2.5000 0.53500 -5.2690e-16 0.0013563 0.0000
48  2.7500 1.0581 0.090458 3.0000 1.0581 0.090458 3.0000 1.0581 -0.090458 2.7500 1.0581 -0.090458 0.011556 0.0000
49  2.7500 0.67786 0.015216 3.0000 0.67786 0.015216 3.0000 1.1479 0.28659 2.7500 1.1479 0.28659 0.011556 0.0000
50  2.7500 1.1742 0.27137 3.0000 1.1742 0.27137 3.0000 1.1742 -0.27137 2.7500 1.1742 -0.27137 0.011556 0.0000
51  2.7500 1.1479 -0.28659 3.0000 1.1479 -0.28659 3.0000 0.67786 -0.015216 2.7500 0.67786 -0.015216 0.011556 0.0000
52  2.7500 0.53500 0.0000 3.0000 0.53500 0.0000 3.0000 0.59730 0.23250 2.7500 0.59730 0.23250 0.0013563 0.0000
53  2.7500 0.59730 0.23250 3.0000 0.59730 0.23250 3.0000 0.76750 0.40270 2.7500 0.76750 0.40270 0.0013563 0.0000
54  2.7500 0.76750 0.40270 3.0000 0.76750 0.40270 3.0000 1.0000 0.46500 2.7500 1.0000 0.46500 0.0013563 0.0000
55  2.7500 1.0000 0.46500 3.0000 1.0000 0.46500 3.0000 1.2325 0.40270 2.7500 1.2325 0.40270 0.0013563 0.0000
56  2.7500 1.2325 0.40270 3.0000 1.2325 0.40270 3.0000 1.4027 0.23250 2.7500 1.4027 0.23250 0.0013563 0.0000
57  2.7500 1.4027 0.23250 3.0000 1.4027 0.23250 3.0000 1.4650 5.6946e-17 2.7500 1.4650 5.6946e-17 0.0013563 0.0000
58  2.7500 1.4650 5.6946e-17 3.0000 1.4650 5.6946e-17 3.0000 1.4027 -0.23250 2.7500 1.4027 -0.23250 0.0013563 0.0000
59  2.7500 1.4027 -0.23250 3.0000 1.4027 -0.23250 3.0000 1.2325 -0.40270 2.7500 1.2325 -0.40270 0.0013563 0.0000
60  2.7500 1.2325 -0.40270 3.0000 1.2325 -0.40270 3.0000 1.0000 -0.46500 2.7500 1.0000 -0.46500 0.0013563 0.0000
61  2.7500 1.0000 -0.46500 3.0000 1.0000 -0.46500 3.0000 0.76750 -0.40270 2.7500 0.76750 -0.40270 0.0013563 0.0000
62  2.7500 0.76750 -0.40270 3.0000 0.76750 -0.40270 3.0000 0.59730 -0.23250 2.7500 0.59730 -0.23250 0.0013563 0.0000
63  2.7500 0.59730 -0.23250 3.0000 0.59730 -0.23250 3.0000 0.53500 -5.2690e-16 2.7500 0.53500 -5.2690e-16 0.0013563 0.0000
64  3.0023 0.73504 0.054696 3.1386 0.72473 0.052783 3.1386 0.72473 -0.052783 3.0023 0.73504 -0.054696 0.0022298 0.0000
65  2.9890 0.53537 0.0000 3.1257 0.53081 0.0000 3.1331 0.64144 0.15260 2.9966 0.64913 0.15692 0.00062270 0.0000
66  2.9966 0.64913 0.15692 3.1331 0.64144 0.15260 3.1450 0.82043 0.094313 3.0089 0.83319 0.096985 0.00062270 0.0000
67  3.0089 0.83319 0.096985 3.1450 0.82043 0.094313 3.1450 0.82043 -0.094313 3.0089 0.83319 -0.096985 0.00062270 0.0000
68  3.0089 0.83319 -0.096985 3.1450 0.82043 -0.094313 3.1331 0.64144 -0.15260 2.9966 0.64913 -0.15692 0.00062270 0.0000
69  2.9966 0.64913 -0.15692 3.1331 0.64144 -0.15260 3.1257 0.53081 -3.9300e-17 2.9890 0.53537 -4.0413e-17 0.00062270 0.0000
70  3.1386 0.72473 0.052783 3.2749 0.71441 0.050871 3.2749 0.71441 -0.050871 3.1386 0.72473 -0.052783 0.0020740 0.0000
71  3.1257 0.53081 0.0000 3.2624 0.52625 0.0000 3.2695 0.63375 0.14828 3.1331 0.64144 0.15260 0.00060531 0.0000
72  3.1331 0.64144 0.15260 3.2695 0.63375 0.14828 3.2811 0.80767 0.091641 3.1450 0.82043 0.094313 0.00060531 0.0000
73  3.1450 0.82043 0.094313 3.2811 0.80767 0.091641 3.2811 0.80767 -0.091641 3.1450 0.82043 -0.094313 0.00060531 0.0000
74  3.1450 0.82043 -0.094313 3.2811 0.80767 -0.091641 3.2695 0.63375 -0.14828 3.1331 0.64144 -0.15260 0.00060531 0.0000
75  3.1331 0.64144 -0.15260 3.2695 0.63375 -0.14828 3.2624 0.52625 -3.8187e-17 3.1257 0.53081 -3.9300e-17 0.00060531 0.0000
76  3.2749 0.71441 0.050871 3.4112 0.70409 0.048958 3.4112 0.70409 -0.048958 3.2749 0.71441 -0.050871 0.0019238 0.0000
77  3.2624 0.52625 0.0000 3.3990 0.52170 0.0000 3.4091 0.67273 0.15136 3.2727 0.68182 0.15591 0.00073489 0.0000
78  3.2727 0.68182 0.15591 3.4091 0.67273 0.15136 3.4192 0.82376 1.8537e-17 3.2831 0.83738 1.9093e-17 0.00073489 0.0000
79  3.2831 0.83738 1.9093e-17 3.4192 0.82376 1.8537e-17 3.4091 0.67273 -0.15136 3.2727 0.68182 -0.15591 0.00073489 0.0000
80  3.2727 0.68182 -0.15591 3.4091 0.67273 -0.15136 3.3990 0.52170 -3.7073e-17 3.2624 0.52625 -3.8187e-17 0.00073489 0.0000
81  3.4112 0.70409 0.048958 3.5475 0.69378 0.047046 3.5475 0.69378 -0.047046 3.4112 0.70409 -0.048958 0.0017792 0.0000
82  3.3990 0.52170 0.0000 3.5357 0.51714 0.0000 3.5455 0.66364 0.14682 3.4091 0.67273 0.15136 0.00071315 0.0000
83  3.4091 0.67273 0.15136 3.5455 0.66364 0.14682 3.5552 0.81013 1.7980e-17 3.4192 0.82376 1.8537e-17 0.00071315 0.0000
84  3.4192 0.82376 1.8537e-17 3.5552 0.81013 1.7980e-17 3.5455 0.66364 -0.14682 3.4091 0.67273 -0.15136 0.00071315 0.0000
85  3.4091 0.67273 -0.15136 3.5455 0.66364 -0.14682 3.5357 0.51714 -3.5960e-17 3.3990 0.52170 -3.7073e-17 0.00071315 0.0000
86  3.5475 0.69378 0.047046 3.6837 0.68346 0.045133 3.6837 0.68346 -0.045133 3.5475 0.69378 -0.047046 0.0016403 0.0000
87  3.5357 0.51714 0.0000 3.6724 0.51259 0.0000 3.6818 0.65455 0.14227 3.5455 0.66364 0.14682 0.00069141 0.0000
88  3.5455 0.66364 0.14682 3.6818 0.65455 0.14227 3.6913 0.79650 1.7423e-17 3.5552 0.81013 1.7980e-17 0.00069141 0.0000
89  3.5552 0.81013 1.7980e-17 3.6913 0.79650 1.7423e-17 3.6818 0.65455 -0.14227 3.5455 0.66364 -0.14682 0.00069141 0.0000
90  3.5455 0.66364 -0.14682 3.6818 0.65455 -0.14227 3.6724 0.51259 -3.4847e-17 3.5357 0.51714 -3.5960e-17 0.00069141 0.0000
91  3.6837 0.68346 0.045133 3.8200 0.67314 0.043221 3.8200 0.67314 -0.043221 3.6837 0.68346 -0.045133 0.0015070 0.0000
92  3.6724 0.51259 0.0000 3.8090 0.50803 0.0000 3.8182 0.64545 0.13773 3.6818 0.65455 0.14227 0.00066967 0.0000
93  3.6818 0.65455 0.14227 3.8182 0.64545 0.13773 3.8273 0.78288 1.6867e-17 3.6913 0.79650 1.7423e-17 0.00066967 0.0000
94  3.6913 0.79650 1.7423e-17 3.8273 0.78288 1.6867e-17 3.8182 0.64545 -0.13773 3.6818 0.65455 -0.14227 0.00066967 0.0000
95  3.6818 0.65455 -0.14227 3.8182 0.64545 -0.13773 3.8090 0.50803 -3.3733e-17 3.6724 0.51259 -3.4847e-17 0.00066967 0.0000
96  3.8200 0.67314 0.043221 3.9563 0.66283 0.041309 3.9563 0.66283 -0.041309 3.8200 0.67314 -0.043221 0.0013794 0.0000
97  3.8090 0.50803 0.0000 3.9457 0.50348 0.0000 3.9545 0.63636 0.13318 3.8182 0.64545 0.13773 0.00064792 0.0000
98  3.8182 0.64545 0.13773 3.9545 0.63636 0.13318 3.9634 0.76925 1.6310e-17 3.8273 0.78288 1.6867e-17 0.00064792 0.0000
99  3.8273 0.78288 1.6867e-17 3.9634 0.76925 1.6310e-17 3.9545 0.63636 -0.13318 3.8182 0.64545 -0.13773 0.00064792 0.0000
100  3.8182 0.64545 -0.13773 3.9545 0.63636 -0.13318 3.9457 0.50348 -3.2620e-17 3.8090 0.50803 -3.3733e-17 0.00064792 0.0000
101  3.9563 0.66283 0.041309 4.0926 0.65251 0.039396 4.0926 0.65251 -0.039396 3.9563 0.66283 -0.041309 0.0012574 0.0000
102  3.9457 0.50348 0.0000 4.0824 0.49892 0.0000 4.0909 0.62727 0.12864 3.9545 0.63636 0.13318 0.00062618 0.0000
103  3.9545 0.63636 0.13318 4.0909 0.62727 0.12864 4.0995 0.75562 1.5753e-17 3.9634 0.76925 1.6310e-17 0.00062618 0.0000
104  3.9634 0.76925 1.6310e-17 4.0995 0.75562 1.5753e-17 4.0909 0.62727 -0.12864 3.9545 0.63636 -0.13318 0.00062618 0.0000
105  3.9545 0.63636 -0.13318 4.0909 0.62727 -0.12864 4.0824 0.49892 -3.1507e-17 3.9457 0.50348 -3.2620e-17 0.00062618 0.0000
106  4.0926 0.65251 0.039396 4.2289 0.64220 0.037484 4.2289 0.64220 -0.037484 4.0926 0.65251 -0.039396 0.0011410 0.0000
107  4.0824 0.49892 0.0000 4.2190 0.49437 0.0000 4.2273 0.61818 0.12409 4.0909 0.62727 0.12864 0.00060444 0.0000
108  4.0909 0.62727 0.12864 4.2273 0.61818 0.12409 4.2355 0.74200 1.5197e-17 4.0995 0.75562 1.5753e-17 0.00060444 0.0000
109  4.0995 0.75562 1.5753e-17 4.2355 0.74200 1.5197e-17 4.2273 0.61818 -0.12409 4.0909 0.62727 -0.12864 0.00060444 0.0000
110  4.0909 0.62727 -0.12864 4.2273 0.61818 -0.12409 4.2190 0.49437 -3.0394e-17 4.0824 0.49892 -3.1507e-17 0.00060444 0.0000
111  4.2289 0.64220 0.037484 4.3652 0.63188 0.035571 4.3652 0.63188 -0.035571 4.2289 0.64220 -0.037484 0.0010303 0.0000
112  4.2190 0.49437 0.0000 4.3557 0.48981 0.0000 4.3636 0.60909 0.11955 4.2273 0.61818 0.12409 0.00058270 0.0000
113  4.2273 0.61818 0.12409 4.3636 0.60909 0.11955 4.3716 0.72837 1.4640e-17 4.2355 0.74200 1.5197e-17 0.00058270 0.0000
114  4.2355 0.74200 1.5197e-17 4.3716 0.72837 1.4640e-17 4.3636 0.60909 -0.11955 4.2273 0.61818 -0.12409 0.00058270 0.0000
115  4.2273 0.61818 -0.12409 4.3636 0.60909 -0.11955 4.3557 0.48981 -2.9280e-17 4.2190 0.49437 -3.0394e-17 0.00058270 0.0000
116  4.3652 0.63188 0.035571 4.5014 0.62156 0.033659 4.5014 0.62156 -0.033659 4.3652 0.63188 -0.035571 0.00092530 0.0000
117  4.3557 0.48981 0.0000 4.4924 0.48525 0.0000 4.5000 0.60000 0.11500 4.3636 0.60909 0.11955 0.00056095 0.0000
118  4.3636 0.60909 0.11955 4.5000 0.60000 0.11500 4.5076 0.71475 1.4083e-17 4.3716 0.72837 1.4640e-17 0.00056095 0.0000
119  4.3716 0.72837 1.4640e-17 4.5076 0.71475 1.4083e-17 4.5000 0.60000 -0.11500 4.3636 0.60909 -0.11955 0.00056095 0.0000
120  4.3636 0.60909 -0.11955 4.5000 0.60000 -0.11500 4.4924 0.48525 -2.8167e-17 4.3557 0.48981 -2.9280e-17 0.00056095 0.0000
121  4.5014 0.62156 0.033659 4.6377 0.61125 0.031746 4.6377 0.61125 -0.031746 4.5014 0.62156 -0.033659 0.00082591 0.0000
122  4.4924 0.48538 0.0054257 4.6290 0.48082 0.0052112 4.6397 0.64145 0.098156 4.5035 0.65262 0.10219 0.00071895 0.0000
123  4.5041 0.66200 0.096769 4.6403 0.65046 0.092944 4.6403 0.65046 -0.092944 4.5041 0.66200 -0.096769 0.00071895 0.0000
124  4.5035 0.65262 -0.10219 4.6397 0.64145 -0.098156 4.6290 0.48082 -0.0052112 4.4924 0.48538 -0.0054257 0.00071895 0.0000
125  4.6377 0.61125 0.031746 4.7740 0.60093 0.029834 4.7740 0.60093 -0.029834 4.6377 0.61125 -0.031746 0.00073216 0.0000
126  4.6290 0.48082 0.0052112 4.7657 0.47626 0.0049968 4.7760 0.63028 0.094116 4.6397 0.64145 0.098156 0.00068996 0.0000
127  4.6403 0.65046 0.092944 4.7765 0.63891 0.089119 4.7765 0.63891 -0.089119 4.6403 0.65046 -0.092944 0.00068996 0.0000
128  4.6397 0.64145 -0.098156 4.7760 0.63028 -0.094116 4.7657 0.47626 -0.0049968 4.6290 0.48082 -0.0052112 0.00068996 0.0000
129  4.7740 0.60093 0.029834 4.9103 0.59111 0.028687 4.9103 0.59111 -0.028687 4.7740 0.60093 -0.029834 0.00066108 0.0000
130  4.7657 0.47626 0.0049968 4.9023 0.47079 0.0048252 4.9122 0.61952 0.090885 4.7760 0.63028 0.094116 0.00065530 0.0000
131  4.7765 0.63891 0.089119 4.9128 0.62786 0.086060 4.9128 0.62786 -0.086060 4.7765 0.63891 -0.089119 0.00065530 0.0000
132  4.7760 0.63028 -0.094116 4.9122 0.61952 -0.090885 4.9023 0.47079 -0.0048252 4.7657 0.47626 -0.0049968 0.00065530 0.0000
133  4.9115 0.60948 0.057373 5.0478 0.59917 0.055461 5.0478 0.59917 -0.055461 4.9115 0.60948 -0.057373 0.0024575 0.0000
134  5.0478 0.59917 0.055461 5.1841 0.58885 0.053548 5.1841 0.58885 -0.053548 5.0478 0.59917 -0.055461 0.0022938 0.0000
135  5.1841 0.58885 0.053548 5.3204 0.57854 0.051636 5.3204 0.57854 -0.051636 5.1841 0.58885 -0.053548 0.0021356 0.0000
136  5.3204 0.57854 0.051636 5.4567 0.56822 0.049723 5.4567 0.56822 -0.049723 5.3204 0.57854 -0.051636 0.0019832 0.0000
137  5.4567 0.56822 0.049723 5.5930 0.55790 0.047811 5.5930 0.55790 -0.047811 5.4567 0.56822 -0.049723 0.0018363 0.0000
138  5.5930 0.55790 0.047811 5.7292 0.54759 0.045898 5.7292 0.54759 -0.045898 5.5930 0.55790 -0.047811 0.0016952 0.0000
139  5.7292 0.54759 0.045898 5.8655 0.53727 0.043986 5.8655 0.53727 -0.043986 5.7292 0.54759 -0.045898 0.0015596 0.0000
140  5.8655 0.53727 0.043986 6.0018 0.52696 0.042074 6.0018 0.52696 -0.042074 5.8655 0.53727 -0.043986 0.0014297 0.0000
141  2.9766 1.2270 0.045044 3.1041 1.2491 0.090148 3.1350 1.2552 0.0098524 3.0112 1.2339 -0.045044 0.0016212 0.0000
142  3.0309 1.0305 0.0075766 3.1525 1.0739 0.056753 3.0623 1.2844 0.17720 2.9296 1.2666 0.14271 0.0016212 0.0000
143  2.9297 1.2810 0.13513 3.0624 1.2972 0.17044 3.1550 1.3157 -0.070443 3.0337 1.3018 -0.13513 0.0016212 0.0000
144  3.0394 1.2885 -0.14271 3.1601 1.3039 -0.077196 3.1577 1.0749 0.043247 3.0367 1.0316 -0.0075766 0.0016212 0.0000
145  3.0520 0.94015 0.0000 3.1721 0.98966 0.050000 3.1058 1.0337 0.19362 2.9788 0.98874 0.15858 0.00053783 0.0000
146  2.9788 0.98874 0.15858 3.1058 1.0337 0.19362 3.0485 1.1672 0.27003 2.9156 1.1362 0.24295 0.00053783 0.0000
147  2.9156 1.1362 0.24295 3.0485 1.1672 0.27003 3.0270 1.3278 0.24349 2.8918 1.3135 0.21365 0.00053783 0.0000
148  2.8918 1.3135 0.21365 3.0270 1.3278 0.24349 3.0514 1.4403 0.12642 2.9187 1.4377 0.084377 0.00053783 0.0000
149  2.9187 1.4377 0.084377 3.0514 1.4403 0.12642 3.1102 1.4520 -0.026417 2.9836 1.4507 -0.084377 0.00053783 0.0000
150  2.9836 1.4507 -0.084377 3.1102 1.4520 -0.026417 3.1759 1.3576 -0.14349 3.0562 1.3464 -0.21365 0.00053783 0.0000
151  3.0562 1.3464 -0.21365 3.1759 1.3576 -0.14349 3.2178 1.2011 -0.17003 3.1025 1.1736 -0.24295 0.00053783 0.0000
152  3.1025 1.1736 -0.24295 3.2178 1.2011 -0.17003 3.2163 1.0558 -0.093617 3.1008 1.0131 -0.15858 0.00053783 0.0000
153  3.1008 1.0131 -0.15858 3.2163 1.0558 -0.093617 3.1721 0.98966 0.050000 3.0520 0.94015 -2.8103e-16 0.00053783 0.0000
154  3.1041 1.2491 0.090148 3.2317 1.2711 0.13525 3.2588 1.2766 0.064748 3.1350 1.2552 0.0098524 0.0012703 0.0000
155  3.1525 1.0739 0.056753 3.2742 1.1173 0.10593 3.1949 1.3021 0.21168 3.0623 1.2844 0.17720 0.0012703 0.0000
156  3.0624 1.2972 0.17044 3.1950 1.3134 0.20575 3.2764 1.3297 -0.0057545 3.1550 1.3157 -0.070443 0.0012703 0.0000
157  3.1601 1.3039 -0.077196 3.2808 1.3193 -0.011684 3.2787 1.1182 0.094071 3.1577 1.0749 0.043247 0.0012703 0.0000
158  3.1721 0.98966 0.050000 3.2922 1.0392 0.10000 3.2328 1.0786 0.22866 3.1058 1.0337 0.19362 0.00048458 0.0000
159  3.1058 1.0337 0.19362 3.2328 1.0786 0.22866 3.1815 1.1982 0.29711 3.0485 1.1672 0.27003 0.00048458 0.0000
160  3.0485 1.1672 0.27003 3.1815 1.1982 0.29711 3.1622 1.3421 0.27334 3.0270 1.3278 0.24349 0.00048458 0.0000
161  3.0270 1.3278 0.24349 3.1622 1.3421 0.27334 3.1840 1.4428 0.16846 3.0514 1.4403 0.12642 0.00048458 0.0000
162  3.0514 1.4403 0.12642 3.1840 1.4428 0.16846 3.2367 1.4534 0.031543 3.1102 1.4520 -0.026417 0.00048458 0.0000
163  3.1102 1.4520 -0.026417 3.2367 1.4534 0.031543 3.2956 1.3687 -0.073339 3.1759 1.3576 -0.14349 0.00048458 0.0000
164  3.1759 1.3576 -0.14349 3.2956 1.3687 -0.073339 3.3331 1.2286 -0.097113 3.2178 1.2011 -0.17003 0.00048458 0.0000
165  3.2178 1.2011 -0.17003 3.3331 1.2286 -0.097113 3.3318 1.0984 -0.028657 3.2163 1.0558 -0.093617 0.00048458 0.0000
166  3.2163 1.0558 -0.093617 3.3318 1.0984 -0.028657 3.2922 1.0392 0.10000 3.1721 0.98966 0.050000 0.00048458 0.0000
167  3.2133 1.2923 0.17050 3.3434 1.3114 0.21071 3.3901 1.3207 0.089289 3.2676 1.3031 0.029497 0.0038489 0.0000
168  3.2922 1.0392 0.10000 3.4123 1.0887 0.15000 3.3347 1.1701 0.30318 3.2044 1.1313 0.27334 0.00064700 0.0000
169  3.2044 1.1313 0.27334 3.3347 1.1701 0.30318 3.2975 1.3564 0.30318 3.1622 1.3421 0.27334 0.00064700 0.0000
170  3.1622 1.3421 0.27334 3.2975 1.3564 0.30318 3.3377 1.4613 0.15000 3.2078 1.4608 0.10000 0.00064700 0.0000
171  3.2078 1.4608 0.10000 3.3377 1.4613 0.15000 3.4153 1.3799 -0.0031829 3.2956 1.3687 -0.073339 0.00064700 0.0000
172  3.2956 1.3687 -0.073339 3.4153 1.3799 -0.0031829 3.4525 1.1936 -0.0031829 3.3378 1.1579 -0.073339 0.00064700 0.0000
173  3.3378 1.1579 -0.073339 3.4525 1.1936 -0.0031829 3.4123 1.0887 0.15000 3.2922 1.0392 0.10000 0.00064700 0.0000
174  3.3434 1.3114 0.21071 3.4735 1.3305 0.25092 3.5127 1.3384 0.14908 3.3901 1.3207 0.089289 0.0027877 0.0000
175  3.4123 1.0887 0.15000 3.5324 1.1382 0.20000 3.4538 1.2388 0.34609 3.3218 1.2045 0.31822 0.00068055 0.0000
176  3.3218 1.2045 0.31822 3.4538 1.2388 0.34609 3.4391 1.4240 0.29029 3.3049 1.4177 0.25397 0.00068055 0.0000
177  3.3049 1.4177 0.25397 3.4391 1.4240 0.29029 3.5085 1.4378 0.10971 3.3848 1.4337 0.046032 0.00068055 0.0000
178  3.3848 1.4337 0.046032 3.5085 1.4378 0.10971 3.5662 1.2612 0.053911 3.4512 1.2304 -0.018223 0.00068055 0.0000
179  3.4512 1.2304 -0.018223 3.5662 1.2612 0.053911 3.5324 1.1382 0.20000 3.4123 1.0887 0.15000 0.00068055 0.0000
180  3.4735 1.3305 0.25092 3.6036 1.3497 0.29113 3.6353 1.3560 0.20887 3.5127 1.3384 0.14908 0.0018976 0.0000
181  3.5324 1.1382 0.20000 3.6525 1.1877 0.25000 3.5858 1.2730 0.37395 3.4538 1.2388 0.34609 0.00058469 0.0000
182  3.4538 1.2388 0.34609 3.5858 1.2730 0.37395 3.5733 1.4302 0.32661 3.4391 1.4240 0.29029 0.00058469 0.0000
183  3.4391 1.4240 0.29029 3.5733 1.4302 0.32661 3.6323 1.4420 0.17339 3.5085 1.4378 0.10971 0.00058469 0.0000
184  3.5085 1.4378 0.10971 3.6323 1.4420 0.17339 3.6812 1.2921 0.12605 3.5662 1.2612 0.053911 0.00058469 0.0000
185  3.5662 1.2612 0.053911 3.6812 1.2921 0.12605 3.6525 1.1877 0.25000 3.5324 1.1382 0.20000 0.00058469 0.0000
186  3.6036 1.3497 0.29113 3.7337 1.3688 0.33133 3.7578 1.3736 0.26867 3.6353 1.3560 0.20887 0.0011787 0.0000
187  3.6525 1.1877 0.25000 3.7726 1.2372 0.30000 3.7088 1.3418 0.40706 3.5749 1.3150 0.38033 0.00061105 0.0000
188  3.5749 1.3150 0.38033 3.7088 1.3418 0.40706 3.7274 1.4628 0.30000 3.5975 1.4623 0.25000 0.00061105 0.0000
189  3.5975 1.4623 0.25000 3.7274 1.4628 0.30000 3.7912 1.3582 0.19294 3.6751 1.3350 0.11967 0.00061105 0.0000
190  3.6751 1.3350 0.11967 3.7912 1.3582 0.19294 3.7726 1.2372 0.30000 3.6525 1.1877 0.25000 0.00061105 0.0000
191  3.7337 1.3688 0.33133 3.8623 1.3897 0.37448 3.8811 1.3934 0.32552 3.7578 1.3736 0.26867 0.00069863 0.0000
192  3.7706 1.2370 0.30505 3.8918 1.2829 0.35412 3.8367 1.4112 0.42756 3.7031 1.3944 0.39514 0.00063245 0.0000
193  3.7032 1.4040 0.39009 3.8368 1.4190 0.42344 3.8933 1.4303 0.27656 3.7725 1.4179 0.20991 0.00063245 0.0000
194  3.7762 1.4090 0.20486 3.8964 1.4231 0.27244 3.8949 1.2835 0.34588 3.7745 1.2377 0.29495 0.00063245 0.0000
195  3.8495 1.4043 0.39896 3.9796 1.4235 0.43917 4.0098 1.4295 0.36083 3.8872 1.4119 0.30104 0.0017402 0.0000
196  3.9964 1.4305 0.43944 4.1214 1.3805 0.48944 4.1486 1.3696 0.41056 4.0236 1.4196 0.36056 0.0014361 0.0000
197  4.1214 1.3805 0.48944 4.2464 1.3305 0.53944 4.2736 1.3196 0.46056 4.1486 1.3696 0.41056 0.0014361 0.0000
198  4.2464 1.3305 0.53944 4.3714 1.2805 0.58944 4.3986 1.2696 0.51056 4.2736 1.3196 0.46056 0.0014361 0.0000
199  4.3714 1.2805 0.58944 4.4964 1.2305 0.63944 4.5236 1.2196 0.56056 4.3986 1.2696 0.51056 0.0014361 0.0000
200  4.4964 1.2305 0.63944 4.6214 1.1805 0.68944 4.6486 1.1696 0.61056 4.5236 1.2196 0.56056 0.0014361 0.0000
201  4.6214 1.1805 0.68944 4.7464 1.1305 0.73944 4.7736 1.1196 0.66056 4.6486 1.1696 0.61056 0.0014361 0.0000
202  4.7464 1.1305 0.73944 4.8714 1.0805 0.78944 4.8986 1.0696 0.71056 4.7736 1.1196 0.66056 0.0014361 0.0000
203  4.8714 1.0805 0.78944 4.9964 1.0305 0.83944 5.0236 1.0196 0.76056 4.8986 1.0696 0.71056 0.0014361 0.0000
204  2.0750 1.4072 0.40717 2.0750 1.3415 0.34151 2.1750 1.3415 0.34151 2.1750 1.4072 0.40717 0.00072930 0.050000
205  2.0750 1.4728 0.47283 2.0750 1.4072 0.40717 2.1750 1.4072 0.40717 2.1750 1.4728 0.47283 0.00072930 0.050000
206  2.0750 1.5385 0.53849 2.0750 1.4728 0.47283 2.1750 1.4728 0.47283 2.1750 1.5385 0.53849 0.00072930 0.050000
207  2.0571 1.6041 0.60415 2.0750 1.5385 0.53849 2.1750 1.5385 0.53849 2.1929 1.6041 0.60415 0.0010208 0.058929
208  2.0339 1.6698 0.66981 2.0571 1.6041 0.60415 2.1929 1.6041 0.60415 2.2161 1.6698 0.66981 0.0018552 0.079464
209  2.0250 1.7355 0.73547 2.0339 1.6698 0.66981 2.2161 1.6698 0.66981 2.2250 1.7355 0.73547 0.0026645 0.095536
210  2.1000 1.8011 0.80113 2.0250 1.7355 0.73547 2.2250 1.7355 0.73547 2.1500 1.8011 0.80113 0.0012763 0.062500
211  2.0750 1.4072 -0.40717 2.0750 1.3415 -0.34151 2.1750 1.3415 -0.34151 2.1750 1.4072 -0.40717 0.00072930 0.050000
212  2.0750 1.4728 -0.47283 2.0750 1.4072 -0.40717 2.1750 1.4072 -0.40717 2.1750 1.4728 -0.47283 0.00072930 0.050000
213  2.0750 1.5385 -0.53849 2.0750 1.4728 -0.47283 2.1750 1.4728 -0.47283 2.1750 1.5385 -0.53849 0.00072930 0.050000
214  2.0571 1.6041 -0.60415 2.0750 1.5385 -0.53849 2.1750 1.5385 -0.53849 2.1929 1.6041 -0.60415 0.0010208 0.058929
215  2.0339 1.6698 -0.66981 2.0571 1.6041 -0.60415 2.1929 1.6041 -0.60415 2.2161 1.6698 -0.66981 0.0018552 0.079464
216  2.0250 1.7355 -0.73547 2.0339 1.6698 -0.66981 2.2161 1.6698 -0.66981 2.2250 1.7355 -0.73547 0.0026645 0.095536
217  2.1000 1.8011 -0.80113 2.0250 1.7355 -0.73547 2.2250 1.7355 -0.73547 2.1500 1.8011 -0.80113 0.0012763 0.062500
218  2.1750 0.44380 -0.14903 2.1750 0.53349 -0.12500 2.0750 0.53349 -0.12500 2.0750 0.44380 -0.14903 0.00072930 0.050000
219  2.1750 0.35411 -0.17307 2.1750 0.44380 -0.14903 2.0750 0.44380 -0.14903 2.0750 0.35411 -0.17307 0.00072930 0.050000
220  2.1750 0.26441 -0.19710 2.1750 0.35411 -0.17307 2.0750 0.35411 -0.17307 2.0750 0.26441 -0.19710 0.00072930 0.050000
221  2.1929 0.17472 -0.22113 2.1750 0.26441 -0.19710 2.0750 0.26441 -0.19710 2.0571 0.17472 -0.22113 0.0010208 0.058929
222  2.2161 0.085028 -0.24517 2.1929 0.17472 -0.22113 2.0571 0.17472 -0.22113 2.0339 0.085028 -0.24517 0.0018552 0.079464
223  2.2250 -0.0046650 -0.26920 2.2161 0.085028 -0.24517 2.0339 0.085028 -0.24517 2.0250 -0.0046650 -0.26920 0.0026645 0.095536
224  2.1500 -0.094358 -0.29323 2.2250 -0.0046650 -0.26920 2.0250 -0.0046650 -0.26920 2.1000 -0.094358 -0.29323 0.0012763 0.062500
225  2.4250 0.44380 0.14903 2.4250 0.53349 0.12500 2.3250 0.53349 0.12500 2.3250 0.44380 0.14903 0.00072930 0.050000
226  2.4250 0.35411 0.17307 2.4250 0.44380 0.14903 2.3250 0.44380 0.14903 2.3250 0.35411 0.17307 0.00072930 0.050000
227  2.4250 0.26441 0.19710 2.4250 0.35411 0.17307 2.3250 0.35411 0.17307 2.3250 0.26441 0.19710 0.00072930 0.050000
228  2.4429 0.17472 0.22113 2.4250 0.26441 0.19710 2.3250 0.26441 0.19710 2.3071 0.17472 0.22113 0.0010208 0.058929
229  2.4661 0.085028 0.24517 2.4429 0.17472 0.22113 2.3071 0.17472 0.22113 2.2839 0.085028 0.24517 0.0018552 0.079464
230  2.4750 -0.0046650 0.26920 2.4661 0.085028 0.24517 2.2839 0.085028 0.24517 2.2750 -0.0046650 0.26920 0.0026645 0.095536
231  2.4000 -0.094358 0.29323 2.4750 -0.0046650 0.26920 2.2750 -0.0046650 0.26920 2.3500 -0.094358 0.29323 0.0012763 0.062500
232  2.3250 1.5562 0.14903 2.3250 1.4665 0.12500 2.4250 1.4665 0.12500 2.4250 1.5562 0.14903 0.00072930 0.050000
233  2.3250 1.6459 0.17307 2.3250 1.5562 0.14903 2.4250 1.5562 0.14903 2.4250 1.6459 0.17307 0.00072930 0.050000
234  2.3250 1.7356 0.19710 2.3250 1.6459 0.17307 2.4250 1.6459 0.17307 2.4250 1.7356 0.19710 0.00072930 0.050000
235  2.3071 1.8253 0.22113 2.3250 1.7356 0.19710 2.4250 1.7356 0.19710 2.4429 1.8253 0.22113 0.0010208 0.058929
236  2.2839 1.9150 0.24517 2.3071 1.8253 0.22113 2.4429 1.8253 0.22113 2.4661 1.9150 0.24517 0.0018552 0.079464
237  2.2750 2.0047 0.26920 2.2839 1.9150 0.24517 2.4661 1.9150 0.24517 2.4750 2.0047 0.26920 0.0026645 0.095536
238  2.3500 2.0944 0.29323 2.2750 2.0047 0.26920 2.4750 2.0047 0.26920 2.4000 2.0944 0.29323 0.0012763 0.062500
239  2.3250 1.1490 -0.55620 2.3250 1.1250 -0.46651 2.4250 1.1250 -0.46651 2.4250 1.1490 -0.55620 0.00072930 0.050000
240  2.3250 1.1731 -0.64589 2.3250 1.1490 -0.55620 2.4250 1.1490 -0.55620 2.4250 1.1731 -0.64589 0.00072930 0.050000
241  2.3250 1.1971 -0.73559 2.3250 1.1731 -0.64589 2.4250 1.1731 -0.64589 2.4250 1.1971 -0.73559 0.00072930 0.050000
242  2.3071 1.2211 -0.82528 2.3250 1.1971 -0.73559 2.4250 1.1971 -0.73559 2.4429 1.2211 -0.82528 0.0010208 0.058929
243  2.2839 1.2452 -0.91497 2.3071 1.2211 -0.82528 2.4429 1.2211 -0.82528 2.4661 1.2452 -0.91497 0.0018552 0.079464
244  2.2750 1.2692 -1.0047 2.2839 1.2452 -0.91497 2.4661 1.2452 -0.91497 2.4750 1.2692 -1.0047 0.0026645 0.095536
245  2.3500 1.2932 -1.0944 2.2750 1.2692 -1.0047 2.4750 1.2692 -1.0047 2.4000 1.2932 -1.0944 0.0012763 0.062500
246  2.6750 0.59283 0.40717 2.6750 0.65849 0.34151 2.5750 0.65849 0.34151 2.5750 0.59283 0.40717 0.00072930 0.050000
247  2.6750 0.52717 0.47283 2.6750 0.59283 0.40717 2.5750 0.59283 0.40717 2.5750 0.52717 0.47283 0.00072930 0.050000
248  2.6750 0.46151 0.53849 2.6750 0.52717 0.47283 2.5750 0.52717 0.47283 2.5750 0.46151 0.53849 0.00072930 0.050000
249  2.6929 0.39585 0.60415 2.6750 0.46151 0.53849 2.5750 0.46151 0.53849 2.5571 0.39585 0.60415 0.0010208 0.058929
250  2.7161 0.33019 0.66981 2.6929 0.39585 0.60415 2.5571 0.39585 0.60415 2.5339 0.33019 0.66981 0.0018552 0.079464
251  2.7250 0.26453 0.73547 2.7161 0.33019 0.66981 2.5339 0.33019 0.66981 2.5250 0.26453 0.73547 0.0026645 0.095536
252  2.6500 0.19887 0.80113 2.7250 0.26453 0.73547 2.5250 0.26453 0.73547 2.6000 0.19887 0.80113 0.0012763 0.062500
253  2.6750 0.85097 0.55620 2.6750 0.87500 0.46651 2.5750 0.87500 0.46651 2.5750 0.85097 0.55620 0.00072930 0.050000
254  2.6750 0.82693 0.64589 2.6750 0.85097 0.55620 2.5750 0.85097 0.55620 2.5750 0.82693 0.64589 0.00072930 0.050000
255  2.6750 0.80290 0.73559 2.6750 0.82693 0.64589 2.5750 0.82693 0.64589 2.5750 0.80290 0.73559 0.00072930 0.050000
256  2.6929 0.77887 0.82528 2.6750 0.80290 0.73559 2.5750 0.80290 0.73559 2.5571 0.77887 0.82528 0.0010208 0.058929
257  2.7161 0.75483 0.91497 2.6929 0.77887 0.82528 2.5571 0.77887 0.82528 2.5339 0.75483 0.91497 0.0018552 0.079464
258  2.7250 0.73080 1.0047 2.7161 0.75483 0.91497 2.5339 0.75483 0.91497 2.5250 0.73080 1.0047 0.0026645 0.095536
259  2.6500 0.70677 1.0944 2.7250 0.73080 1.0047 2.5250 0.73080 1.0047 2.6000 0.70677 1.0944 0.0012763 0.062500
260  2.5750 1.1490 0.55620 2.5750 1.1250 0.46651 2.6750 1.1250 0.46651 2.6750 1.1490 0.55620 0.00072930 0.050000
261  2.5750 1.1731 0.64589 2.5750 1.1490 0.55620 2.6750 1.1490 0.55620 2.6750 1.1731 0.64589 0.00072930 0.050000
262  2.5750 1.1971 0.73559 2.5750 1.1731 0.64589 2.6750 1.1731 0.64589 2.6750 1.1971 0.73559 0.00072930 0.050000
263  2.5571 1.2211 0.82528 2.5750 1.1971 0.73559 2.6750 1.1971 0.73559 2.6929 1.2211 0.82528 0.0010208 0.058929
264  2.5339 1.2452 0.91497 2.5571 1.2211 0.82528 2.6929 1.2211 0.82528 2.7161 1.2452 0.91497 0.0018552 0.079464
265  2.5250 1.2692 1.0047 2.5339 1.2452 0.91497 2.7161 1.2452 0.91497 2.7250 1.2692 1.0047 0.0026645 0.095536
266  2.6000 1.2932 1.0944 2.5250 1.2692 1.0047 2.7250 1.2692 1.0047 2.6500 1.2932 1.0944 0.0012763 0.062500
267  2.5750 1.4072 -0.40717 2.5750 1.3415 -0.34151 2.6750 1.3415 -0.34151 2.6750 1.4072 -0.40717 0.00072930 0.050000
268  2.5750 1.4728 -0.47283 2.5750 1.4072 -0.40717 2.6750 1.4072 -0.40717 2.6750 1.4728 -0.47283 0.00072930 0.050000
269  2.5750 1.5385 -0.53849 2.5750 1.4728 -0.47283 2.6750 1.4728 -0.47283 2.6750 1.5385 -0.53849 0.00072930 0.050000
270  2.5571 1.6041 -0.60415 2.5750 1.5385 -0.53849 2.6750 1.5385 -0.53849 2.6929 1.6041 -0.60415 0.0010208 0.058929
271  2.5339 1.6698 -0.66981 2.5571 1.6041 -0.60415 2.6929 1.6041 -0.60415 2.7161 1.6698 -0.66981 0.0018552 0.079464
272  2.5250 1.7355 -0.73547 2.5339 1.6698 -0.66981 2.7161 1.6698 -0.66981 2.7250 1.7355 -0.73547 0.0026645 0.095536
273  2.6000 1.8011 -0.80113 2.5250 1.7355 -0.73547 2.7250 1.7355 -0.73547 2.6500 1.8011 -0.80113 0.0012763 0.062500
274  2.5750 1.1490 -0.55620 2.5750 1.1250 -0.46651 2.6750 1.1250 -0.46651 2.6750 1.1490 -0.55620 0.00072930 0.050000
275  2.5750 1.1731 -0.64589 2.5750 1.1490 -0.55620 2.6750 1.1490 -0.55620 2.6750 1.1731 -0.64589 0.00072930 0.050000
276  2.5750 1.1971 -0.73559 2.5750 1.1731 -0.64589 2.6750 1.1731 -0.64589 2.6750 1.1971 -0.73559 0.00072930 0.050000
277  2.5571 1.2211 -0.82528 2.5750 1.1971 -0.73559 2.6750 1.1971 -0.73559 2.6929 1.2211 -0.82528 0.0010208 0.058929
278  2.5339 1.2452 -0.91497 2.5571 1.2211 -0.82528 2.6929 1.2211 -0.82528 2.7161 1.2452 -0.91497 0.0018552 0.079464
279  2.5250 1.2692 -1.0047 2.5339 1.2452 -0.91497 2.7161 1.2452 -0.91497 2.7250 1.2692 -1.0047 0.0026645 0.095536
280  2.6000 1.2932 -1.0944 2.5250 1.2692 -1.0047 2.7250 1.2692 -1.0047 2.6500 1.2932 -1.0944 0.0012763 0.062500
281  2.6750 0.59283 -0.40717 2.6750 0.65849 -0.34151 2.5750 0.65849 -0.34151 2.5750 0.59283 -0.40717 0.00072930 0.050000
282  2.6750 0.52717 -0.47283 2.6750 0.59283 -0.40717 2.5750 0.59283 -0.40717 2.5750 0.52717 -0.47283 0.00072930 0.050000
283  2.6750 0.46151 -0.53849 2.6750 0.52717 -0.47283 2.5750 0.52717 -0.47283 2.5750 0.46151 -0.53849 0.00072930 0.050000
284  2.6929 0.39585 -0.60415 2.6750 0.46151 -0.53849 2.5750 0.46151 -0.53849 2.5571 0.39585 -0.60415 0.0010208 0.058929
285  2.7161 0.33019 -0.66981 2.6929 0.39585 -0.60415 2.5571 0.39585 -0.60415 2.5339 0.33019 -0.66981 0.0018552 0.079464
286  2.7250 0.26453 -0.73547 2.7161 0.33019 -0.66981 2.5339 0.33019 -0.66981 2.5250 0.26453 -0.73547 0.0026645 0.095536
287  2.6500 0.19887 -0.80113 2.7250 0.26453 -0.73547 2.5250 0.26453 -0.73547 2.6000 0.19887 -0.80113 0.0012763 0.062500
288  2.9250 0.59283 -0.40717 2.9250 0.65849 -0.34151 2.8250 0.65849 -0.34151 2.8250 0.59283 -0.40717 0.00072930 0.050000
289  2.9250 0.52717 -0.47283 2.9250 0.59283 -0.40717 2.8250 0.59283 -0.40717 2.8250 0.52717 -0.47283 0.00072930 0.050000
290  2.9250 0.46151 -0.53849 2.9250 0.52717 -0.47283 2.8250 0.52717 -0.47283 2.8250 0.46151 -0.53849 0.00072930 0.050000
291  2.9429 0.39585 -0.60415 2.9250 0.46151 -0.53849 2.8250 0.46151 -0.53849 2.8071 0.39585 -0.60415 0.0010208 0.058929
292  2.9661 0.33019 -0.66981 2.9429 0.39585 -0.60415 2.8071 0.39585 -0.60415 2.7839 0.33019 -0.66981 0.0018552 0.079464
293  2.9750 0.26453 -0.73547 2.9661 0.33019 -0.66981 2.7839 0.33019 -0.66981 2.7750 0.26453 -0.73547 0.0026645 0.095536
294  2.9000 0.19887 -0.80113 2.9750 0.26453 -0.73547 2.7750 0.26453 -0.73547 2.8500 0.19887 -0.80113 0.0012763 0.062500
295  2.9250 0.59283 -0.40717 2.9250 0.65849 -0.34151 2.8250 0.65849 -0.34151 2.8250 0.59283 -0.40717 0.00072930 0.050000
296  2.9250 0.52717 -0.47283 2.9250 0.59283 -0.40717 2.8250 0.59283 -0.40717 2.8250 0.52717 -0.47283 0.00072930 0.050000
297  2.9250 0.46151 -0.53849 2.9250 0.52717 -0.47283 2.8250 0.52717 -0.47283 2.8250 0.46151 -0.53849 0.00072930 0.050000
298  2.9429 0.39585 -0.60415 2.9250 0.46151 -0.53849 2.8250 0.46151 -0.53849 2.8071 0.39585 -0.60415 0.0010208 0.058929
299  2.9661 0.33019 -0.66981 2.9429 0.39585 -0.60415 2.8071 0.39585 -0.60415 2.7839 0.33019 -0.66981 0.0018552 0.079464
300  2.9750 0.26453 -0.73547 2.9661 0.33019 -0.66981 2.7839 0.33019 -0.66981 2.7750 0.26453 -0.73547 0.0026645 0.095536
301  2.9000 0.19887 -0.80113 2.9750 0.26453 -0.73547 2.7750 0.26453 -0.73547 2.8500 0.19887 -0.80113 0.0012763 0.062500
302  2.1750 0.43690 0.15088 2.1750 0.53349 0.12500 2.0750 0.53349 0.12500 2.0750 0.43690 0.15088 0.00078540 0.050000
303  2.1750 0.34031 0.17676 2.1750 0.43690 0.15088 2.0750 0.43690 0.15088 2.0750 0.34031 0.17676 0.00078540 0.050000
304  2.1750 0.24372 0.20265 2.1750 0.34031 0.17676 2.0750 0.34031 0.17676 2.0750 0.24372 0.20265 0.00078540 0.050000
305  2.1750 0.14712 0.22853 2.1750 0.24372 0.20265 2.0750 0.24372 0.20265 2.0750 0.14712 0.22853 0.00078540 0.050000
306  2.1750 0.050531 0.25441 2.1750 0.14712 0.22853 2.0750 0.14712 0.22853 2.0750 0.050531 0.25441 0.00078540 0.050000
307  2.1750 -0.046062 0.28029 2.1750 0.050531 0.25441 2.0750 0.050531 0.25441 2.0750 -0.046062 0.28029 0.00078540 0.050000
308  2.1750 0.43690 0.15088 2.1750 0.53349 0.12500 2.0750 0.53349 0.12500 2.0750 0.43690 0.15088 0.00078540 0.050000
309  2.1750 0.34031 0.17676 2.1750 0.43690 0.15088 2.0750 0.43690 0.15088 2.0750 0.34031 0.17676 0.00078540 0.050000
310  2.1750 0.24372 0.20265 2.1750 0.34031 0.17676 2.0750 0.34031 0.17676 2.0750 0.24372 0.20265 0.00078540 0.050000
311  2.1750 0.14712 0.22853 2.1750 0.24372 0.20265 2.0750 0.24372 0.20265 2.0750 0.14712 0.22853 0.00078540 0.050000
312  2.1750 0.050531 0.25441 2.1750 0.14712 0.22853 2.0750 0.14712 0.22853 2.0750 0.050531 0.25441 0.00078540 0.050000
313  2.1750 -0.046062 0.28029 2.1750 0.050531 0.25441 2.0750 0.050531 0.25441 2.0750 -0.046062 0.28029 0.00078540 0.050000
314  2.1750 0.58778 0.41222 2.1750 0.65849 0.34151 2.0750 0.65849 0.34151 2.0750 0.58778 0.41222 0.00078540 0.050000
315  2.1750 0.51707 0.48293 2.1750 0.58778 0.41222 2.0750 0.58778 0.41222 2.0750 0.51707 0.48293 0.00078540 0.050000
316  2.1750 0.44636 0.55364 2.1750 0.51707 0.48293 2.0750 0.51707 0.48293 2.0750 0.44636 0.55364 0.00078540 0.050000
317  2.1750 0.37565 0.62435 2.1750 0.44636 0.55364 2.0750 0.44636 0.55364 2.0750 0.37565 0.62435 0.00078540 0.050000
318  2.1750 0.30494 0.69506 2.1750 0.37565 0.62435 2.0750 0.37565 0.62435 2.0750 0.30494 0.69506 0.00078540 0.050000
319  2.1750 0.23423 0.76577 2.1750 0.30494 0.69506 2.0750 0.30494 0.69506 2.0750 0.23423 0.76577 0.00078540 0.050000
320  2.0750 1.5631 0.15088 2.0750 1.4665 0.12500 2.1750 1.4665 0.12500 2.1750 1.5631 0.15088 0.00078540 0.050000
321  2.0750 1.6597 0.17676 2.0750 1.5631 0.15088 2.1750 1.5631 0.15088 2.1750 1.6597 0.17676 0.00078540 0.050000
322  2.0750 1.7563 0.20265 2.0750 1.6597 0.17676 2.1750 1.6597 0.17676 2.1750 1.7563 0.20265 0.00078540 0.050000
323  2.0750 1.8529 0.22853 2.0750 1.7563 0.20265 2.1750 1.7563 0.20265 2.1750 1.8529 0.22853 0.00078540 0.050000
324  2.0750 1.9495 0.25441 2.0750 1.8529 0.22853 2.1750 1.8529 0.22853 2.1750 1.9495 0.25441 0.00078540 0.050000
325  2.0750 2.0461 0.28029 2.0750 1.9495 0.25441 2.1750 1.9495 0.25441 2.1750 2.0461 0.28029 0.00078540 0.050000
326  2.0750 1.5631 0.15088 2.0750 1.4665 0.12500 2.1750 1.4665 0.12500 2.1750 1.5631 0.15088 0.00078540 0.050000
327  2.0750 1.6597 0.17676 2.0750 1.5631 0.15088 2.1750 1.5631 0.15088 2.1750 1.6597 0.17676 0.00078540 0.050000
328  2.0750 1.7563 0.20265 2.0750 1.6597 0.17676 2.1750 1.6597 0.17676 2.1750 1.7563 0.20265 0.00078540 0.050000
329  2.0750 1.8529 0.22853 2.0750 1.7563 0.20265 2.1750 1.7563 0.20265 2.1750 1.8529 0.22853 0.00078540 0.050000
330  2.0750 1.9495 0.25441 2.0750 1.8529 0.22853 2.1750 1.8529 0.22853 2.1750 1.9495 0.25441 0.00078540 0.050000
331  2.0750 2.0461 0.28029 2.0750 1.9495 0.25441 2.1750 1.9495 0.25441 2.1750 2.0461 0.28029 0.00078540 0.050000
332  2.0750 1.1509 -0.56310 2.0750 1.1250 -0.46651 2.1750 1.1250 -0.46651 2.1750 1.1509 -0.56310 0.00078540 0.050000
333  2.0750 1.1768 -0.65969 2.0750 1.1509 -0.56310 2.1750 1.1509 -0.56310 2.1750 1.1768 -0.65969 0.00078540 0.050000
334  2.0750 1.2026 -0.75628 2.0750 1.1768 -0.65969 2.1750 1.1768 -0.65969 2.1750 1.2026 -0.75628 0.00078540 0.050000
335  2.0750 1.2285 -0.85288 2.0750 1.2026 -0.75628 2.1750 1.2026 -0.75628 2.1750 1.2285 -0.85288 0.00078540 0.050000
336  2.0750 1.2544 -0.94947 2.0750 1.2285 -0.85288 2.1750 1.2285 -0.85288 2.1750 1.2544 -0.94947 0.00078540 0.050000
337  2.0750 1.2803 -1.0461 2.0750 1.2544 -0.94947 2.1750 1.2544 -0.94947 2.1750 1.2803 -1.0461 0.00078540 0.050000
338  2.4250 0.43690 -0.15088 2.4250 0.53349 -0.12500 2.3250 0.53349 -0.12500 2.3250 0.43690 -0.15088 0.00078540 0.050000
339  2.4250 0.34031 -0.17676 2.4250 0.43690 -0.15088 2.3250 0.43690 -0.15088 2.3250 0.34031 -0.17676 0.00078540 0.050000
340  2.4250 0.24372 -0.20265 2.4250 0.34031 -0.17676 2.3250 0.34031 -0.17676 2.3250 0.24372 -0.20265 0.00078540 0.050000
341  2.4250 0.14712 -0.22853 2.4250 0.24372 -0.20265 2.3250 0.24372 -0.20265 2.3250 0.14712 -0.22853 0.00078540 0.050000
342  2.4250 0.050531 -0.25441 2.4250 0.14712 -0.22853 2.3250 0.14712 -0.22853 2.3250 0.050531 -0.25441 0.00078540 0.050000
343  2.4250 -0.046062 -0.28029 2.4250 0.050531 -0.25441 2.3250 0.050531 -0.25441 2.3250 -0.046062 -0.28029 0.00078540 0.050000
344  2.4250 0.43690 -0.15088 2.4250 0.53349 -0.12500 2.3250 0.53349 -0.12500 2.3250 0.43690 -0.15088 0.00078540 0.050000
345  2.4250 0.34031 -0.17676 2.4250 0.43690 -0.15088 2.3250 0.43690 -0.15088 2.3250 0.34031 -0.17676 0.00078540 0.050000
346  2.4250 0.24372 -0.20265 2.4250 0.34031 -0.17676 2.3250 0.34031 -0.17676 2.3250 0.24372 -0.20265 0.00078540 0.050000
347  2.4250 0.14712 -0.22853 2.4250 0.24372 -0.20265 2.3250 0.24372 -0.20265 2.3250 0.14712 -0.22853 0.00078540 0.050000
348  2.4250 0.050531 -0.25441 2.4250 0.14712 -0.22853 2.3250 0.14712 -0.22853 2.3250 0.050531 -0.25441 0.00078540 0.050000
349  2.4250 -0.046062 -0.28029 2.4250 0.050531 -0.25441 2.3250 0.050531 -0.25441 2.3250 -0.046062 -0.28029 0.00078540 0.050000
350  2.5750 1.4122 0.41222 2.5750 1.3415 0.34151 2.6750 1.3415 0.34151 2.6750 1.4122 0.41222 0.00078540 0.050000
351  2.5750 1.4829 0.48293 2.5750 1.4122 0.41222 2.6750 1.4122 0.41222 2.6750 1.4829 0.48293 0.00078540 0.050000
352  2.5750 1.5536 0.55364 2.5750 1.4829 0.48293 2.6750 1.4829 0.48293 2.6750 1.5536 0.55364 0.00078540 0.050000
353  2.5750 1.6243 0.62435 2.5750 1.5536 0.55364 2.6750 1.5536 0.55364 2.6750 1.6243 0.62435 0.00078540 0.050000
354  2.5750 1.6951 0.69506 2.5750 1.6243 0.62435 2.6750 1.6243 0.62435 2.6750 1.6951 0.69506 0.00078540 0.050000
355  2.5750 1.7658 0.76577 2.5750 1.6951 0.69506 2.6750 1.6951 0.69506 2.6750 1.7658 0.76577 0.00078540 0.050000
356  2.5750 1.5631 0.15088 2.5750 1.4665 0.12500 2.6750 1.4665 0.12500 2.6750 1.5631 0.15088 0.00078540 0.050000
357  2.5750 1.6597 0.17676 2.5750 1.5631 0.15088 2.6750 1.5631 0.15088 2.6750 1.6597 0.17676 0.00078540 0.050000
358  2.5750 1.7563 0.20265 2.5750 1.6597 0.17676 2.6750 1.6597 0.17676 2.6750 1.7563 0.20265 0.00078540 0.050000
359  2.5750 1.8529 0.22853 2.5750 1.7563 0.20265 2.6750 1.7563 0.20265 2.6750 1.8529 0.22853 0.00078540 0.050000
360  2.5750 1.9495 0.25441 2.5750 1.8529 0.22853 2.6750 1.8529 0.22853 2.6750 1.9495 0.25441 0.00078540 0.050000
361  2.5750 2.0461 0.28029 2.5750 1.9495 0.25441 2.6750 1.9495 0.25441 2.6750 2.0461 0.28029 0.00078540 0.050000
362  2.9250 0.43690 0.15088 2.9250 0.53349 0.12500 2.8250 0.53349 0.12500 2.8250 0.43690 0.15088 0.00078540 0.050000
363  2.9250 0.34031 0.17676 2.9250 0.43690 0.15088 2.8250 0.43690 0.15088 2.8250 0.34031 0.17676 0.00078540 0.050000
364  2.9250 0.24372 0.20265 2.9250 0.34031 0.17676 2.8250 0.34031 0.17676 2.8250 0.24372 0.20265 0.00078540 0.050000
365  2.9250 0.14712 0.22853 2.9250 0.24372 0.20265 2.8250 0.24372 0.20265 2.8250 0.14712 0.22853 0.00078540 0.050000
366  2.9250 0.050531 0.25441 2.9250 0.14712 0.22853 2.8250 0.14712 0.22853 2.8250 0.050531 0.25441 0.00078540 0.050000
367  2.9250 -0.046062 0.28029 2.9250 0.050531 0.25441 2.8250 0.050531 0.25441 2.8250 -0.046062 0.28029 0.00078540 0.050000
368  2.9250 0.84912 0.56310 2.9250 0.87500 0.46651 2.8250 0.87500 0.46651 2.8250 0.84912 0.56310 0.00078540 0.050000
369  2.9250 0.82324 0.65969 2.9250 0.84912 0.56310 2.8250 0.84912 0.56310 2.8250 0.82324 0.65969 0.00078540 0.050000
370  2.9250 0.79735 0.75628 2.9250 0.82324 0.65969 2.8250 0.82324 0.65969 2.8250 0.79735 0.75628 0.00078540 0.050000
371  2.9250 0.77147 0.85288 2.9250 0.79735 0.75628 2.8250 0.79735 0.75628 2.8250 0.77147 0.85288 0.00078540 0.050000
372  2.9250 0.74559 0.94947 2.9250 0.77147 0.85288 2.8250 0.77147 0.85288 2.8250 0.74559 0.94947 0.00078540 0.050000
373  2.9250 0.71971 1.0461 2.9250 0.74559 0.94947 2.8250 0.74559 0.94947 2.8250 0.71971 1.0461 0.00078540 0.050000
374  2.9250 0.84912 -0.56310 2.9250 0.87500 -0.46651 2.8250 0.87500 -0.46651 2.8250 0.84912 -0.56310 0.00078540 0.050000
375  2.9250 0.82324 -0.65969 2.9250 0.84912 -0.56310 2.8250 0.84912 -0.56310 2.8250 0.82324 -0.65969 0.00078540 0.050000
376  2.9250 0.79735 -0.75628 2.9250 0.82324 -0.65969 2.8250 0.82324 -0.65969 2.8250 0.79735 -0.75628 0.00078540 0.050000
377  2.9250 0.77147 -0.85288 2.9250 0.79735 -0.75628 2.8250 0.79735 -0.75628 2.8250 0.77147 -0.85288 0.00078540 0.050000
378  2.9250 0.74559 -0.94947 2.9250 0.77147 -0.85288 2.8250 0.77147 -0.85288 2.8250 0.74559 -0.94947 0.00078540 0.050000
379  2.9250 0.71971 -1.0461 2.9250 0.74559 -0.94947 2.8250 0.74559 -0.94947 2.8250 0.71971 -1.0461 0.00078540 0.050000
380  2.9250 0.58778 -0.41222 2.9250 0.65849 -0.34151 2.8250 0.65849 -0.34151 2.8250 0.58778 -0.41222 0.00078540 0.050000
381  2.9250 0.51707 -0.48293 2.9250 0.58778 -0.41222 2.8250 0.58778 -0.41222 2.8250 0.51707 -0.48293 0.00078540 0.050000
382  2.9250 0.44636 -0.55364 2.9250 0.51707 -0.48293 2.8250 0.51707 -0.48293 2.8250 0.44636 -0.55364 0.00078540 0.050000
383  2.9250 0.37565 -0.62435 2.9250 0.44636 -0.55364 2.8250 0.44636 -0.55364 2.8250 0.37565 -0.62435 0.00078540 0.050000
384  2.9250 0.30494 -0.69506 2.9250 0.37565 -0.62435 2.8250 0.37565 -0.62435 2.8250 0.30494 -0.69506 0.00078540 0.050000
385  2.9250 0.23423 -0.76577 2.9250 0.30494 -0.69506 2.8250 0.30494 -0.69506 2.8250 0.23423 -0.76577 0.00078540 0.050000
