element_index  x0 y0 z0 x1 y1 z1 x2 y2 z2 x3 y3 z3
0  1.0000 2.0000 0.0000  1.6667 2.0000 0.0000  1.6667 1.3333 0.0000  1.0000 1.3333 0.0000 
1  1.0000 1.3333 0.0000  1.6667 1.3333 0.0000  1.6667 0.66667 0.0000  1.0000 0.66667 0.0000 
2  1.0000 0.66667 0.0000  1.6667 0.66667 0.0000  1.6667 2.2204e-16 0.0000  1.0000 2.2204e-16 0.0000 
3  1.6667 2.0000 0.0000  2.3333 2.0000 0.0000  2.3333 1.3333 0.0000  1.6667 1.3333 0.0000 
4  1.6667 1.3333 0.0000  2.3333 1.3333 0.0000  2.3333 0.66667 0.0000  1.6667 0.66667 0.0000 
5  1.6667 0.66667 0.0000  2.3333 0.66667 0.0000  2.3333 2.2204e-16 0.0000  1.6667 2.2204e-16 0.0000 
6  2.3333 2.0000 0.0000  3.0000 2.0000 0.0000  3.0000 1.3333 0.0000  2.3333 1.3333 0.0000 
7  2.3333 1.3333 0.0000  3.0000 1.3333 0.0000  3.0000 0.66667 0.0000  2.3333 0.66667 0.0000 
8  2.3333 0.66667 0.0000  3.0000 0.66667 0.0000  3.0000 2.2204e-16 0.0000  2.3333 2.2204e-16 0.0000 
9  3.0000 2.0000 0.0000  3.6667 2.0000 0.0000  3.6667 1.3333 0.0000  3.0000 1.3333 0.0000 
10  3.0000 1.3333 0.0000  3.6667 1.3333 0.0000  3.6667 0.66667 0.0000  3.0000 0.66667 0.0000 
11  3.0000 0.66667 0.0000  3.6667 0.66667 0.0000  3.6667 2.2204e-16 0.0000  3.0000 2.2204e-16 0.0000 
12  3.6667 2.0000 0.0000  4.3333 2.0000 0.0000  4.3333 1.3333 0.0000  3.6667 1.3333 0.0000 
13  3.6667 1.3333 0.0000  4.3333 1.3333 0.0000  4.3333 0.66667 0.0000  3.6667 0.66667 0.0000 
14  3.6667 0.66667 0.0000  4.3333 0.66667 0.0000  4.3333 2.2204e-16 0.0000  3.6667 2.2204e-16 0.0000 
15  4.3333 2.0000 0.0000  5.0000 2.0000 0.0000  5.0000 1.3333 0.0000  4.3333 1.3333 0.0000 
16  4.3333 1.3333 0.0000  5.0000 1.3333 0.0000  5.0000 0.66667 0.0000  4.3333 0.66667 0.0000 
17  4.3333 0.66667 0.0000  5.0000 0.66667 0.0000  5.0000 2.2204e-16 0.0000  4.3333 2.2204e-16 0.0000 
18  3.4333 -0.18571 0.0000  3.4333 2.2817e-16 0.0000  3.2333 2.1592e-16 0.0000  3.2333 -0.18571 0.0000 
19  3.4333 -0.37143 0.0000  3.4333 -0.18571 0.0000  3.2333 -0.18571 0.0000  3.2333 -0.37143 0.0000 
20  3.4333 -0.55714 0.0000  3.4333 -0.37143 0.0000  3.2333 -0.37143 0.0000  3.2333 -0.55714 0.0000 
21  3.4690 -0.74286 0.0000  3.4333 -0.55714 0.0000  3.2333 -0.55714 0.0000  3.1976 -0.74286 0.0000 
22  3.5155 -0.92857 0.0000  3.4690 -0.74286 0.0000  3.1976 -0.74286 0.0000  3.1512 -0.92857 0.0000 
23  3.5333 -1.1143 0.0000  3.5155 -0.92857 0.0000  3.1512 -0.92857 0.0000  3.1333 -1.1143 0.0000 
24  3.3833 -1.3000 0.0000  3.5333 -1.1143 0.0000  3.1333 -1.1143 0.0000  3.2833 -1.3000 0.0000 
25  1.9000 2.1857 0.0000  1.9000 2.0000 0.0000  2.1000 2.0000 0.0000  2.1000 2.1857 0.0000 
26  1.9000 2.3714 0.0000  1.9000 2.1857 0.0000  2.1000 2.1857 0.0000  2.1000 2.3714 0.0000 
27  1.9000 2.5571 0.0000  1.9000 2.3714 0.0000  2.1000 2.3714 0.0000  2.1000 2.5571 0.0000 
28  1.8643 2.7429 0.0000  1.9000 2.5571 0.0000  2.1000 2.5571 0.0000  2.1357 2.7429 0.0000 
29  1.8179 2.9286 0.0000  1.8643 2.7429 0.0000  2.1357 2.7429 0.0000  2.1821 2.9286 0.0000 
30  1.8000 3.1143 0.0000  1.8179 2.9286 0.0000  2.1821 2.9286 0.0000  2.2000 3.1143 0.0000 
31  1.9500 3.3000 0.0000  1.8000 3.1143 0.0000  2.2000 3.1143 0.0000  2.0500 3.3000 0.0000 
32  2.5667 2.1857 0.0000  2.5667 2.0000 0.0000  2.7667 2.0000 0.0000  2.7667 2.1857 0.0000 
33  2.5667 2.3714 0.0000  2.5667 2.1857 0.0000  2.7667 2.1857 0.0000  2.7667 2.3714 0.0000 
34  2.5667 2.5571 0.0000  2.5667 2.3714 0.0000  2.7667 2.3714 0.0000  2.7667 2.5571 0.0000 
35  2.5310 2.7429 0.0000  2.5667 2.5571 0.0000  2.7667 2.5571 0.0000  2.8024 2.7429 0.0000 
36  2.4845 2.9286 0.0000  2.5310 2.7429 0.0000  2.8024 2.7429 0.0000  2.8488 2.9286 0.0000 
37  2.4667 3.1143 0.0000  2.4845 2.9286 0.0000  2.8488 2.9286 0.0000  2.8667 3.1143 0.0000 
38  2.6167 3.3000 0.0000  2.4667 3.1143 0.0000  2.8667 3.1143 0.0000  2.7167 3.3000 0.0000 
