element_index  x0 y0 z0 x1 y1 z1 x2 y2 z2 x3 y3 z3
0  1.0000 2.0000 0.0000  1.6667 2.0000 0.0000  1.6667 1.3333 0.0000  1.0000 1.3333 0.0000 
1  1.0000 1.3333 0.0000  1.6667 1.3333 0.0000  1.6667 0.66667 0.0000  1.0000 0.66667 0.0000 
2  1.0000 0.66667 0.0000  1.6667 0.66667 0.0000  1.6667 2.2204e-16 0.0000  1.0000 2.2204e-16 0.0000 
3  1.6667 2.0000 0.0000  2.3333 2.0000 0.0000  2.3333 1.3333 0.0000  1.6667 1.3333 0.0000 
4  1.6667 1.3333 0.0000  2.3333 1.3333 0.0000  2.3333 0.66667 0.0000  1.6667 0.66667 0.0000 
5  1.6667 0.66667 0.0000  2.3333 0.66667 0.0000  2.3333 2.2204e-16 0.0000  1.6667 2.2204e-16 0.0000 
6  2.3333 2.0000 0.0000  3.0000 2.0000 0.0000  3.0000 1.3333 0.0000  2.3333 1.3333 0.0000 
7  2.3333 1.3333 0.0000  3.0000 1.3333 0.0000  3.0000 0.66667 0.0000  2.3333 0.66667 0.0000 
8  2.3333 0.66667 0.0000  3.0000 0.66667 0.0000  3.0000 2.2204e-16 0.0000  2.3333 2.2204e-16 0.0000 
9  3.0000 2.0000 0.0000  3.6667 2.0000 0.0000  3.6667 1.3333 0.0000  3.0000 1.3333 0.0000 
10  3.0000 1.3333 0.0000  3.6667 1.3333 0.0000  3.6667 0.66667 0.0000  3.0000 0.66667 0.0000 
11  3.0000 0.66667 0.0000  3.6667 0.66667 0.0000  3.6667 2.2204e-16 0.0000  3.0000 2.2204e-16 0.0000 
12  3.6667 2.0000 0.0000  4.3333 2.0000 0.0000  4.3333 1.3333 0.0000  3.6667 1.3333 0.0000 
13  3.6667 1.3333 0.0000  4.3333 1.3333 0.0000  4.3333 0.66667 0.0000  3.6667 0.66667 0.0000 
14  3.6667 0.66667 0.0000  4.3333 0.66667 0.0000  4.3333 2.2204e-16 0.0000  3.6667 2.2204e-16 0.0000 
15  4.3333 2.0000 0.0000  5.0000 2.0000 0.0000  5.0000 1.3333 0.0000  4.3333 1.3333 0.0000 
16  4.3333 1.3333 0.0000  5.0000 1.3333 0.0000  5.0000 0.66667 0.0000  4.3333 0.66667 0.0000 
17  4.3333 0.66667 0.0000  5.0000 0.66667 0.0000  5.0000 2.2204e-16 0.0000  4.3333 2.2204e-16 0.0000 
18  5.0000 2.0000 0.0000  5.7143 2.0000 0.0000  5.7143 1.3333 0.0000  5.0000 1.3333 0.0000 
19  5.0000 1.3333 0.0000  5.7143 1.3333 0.0000  5.7143 0.66667 0.0000  5.0000 0.66667 0.0000 
20  5.0000 0.66667 0.0000  5.7143 0.66667 0.0000  5.7143 2.2204e-16 0.0000  5.0000 2.2204e-16 0.0000 
21  5.7143 2.0000 0.0000  6.4286 2.0000 0.0000  6.4286 1.3333 0.0000  5.7143 1.3333 0.0000 
22  5.7143 1.3333 0.0000  6.4286 1.3333 0.0000  6.4286 0.66667 0.0000  5.7143 0.66667 0.0000 
23  5.7143 0.66667 0.0000  6.4286 0.66667 0.0000  6.4286 2.2204e-16 0.0000  5.7143 2.2204e-16 0.0000 
24  6.4286 2.0000 0.0000  7.1429 2.0000 0.0000  7.1429 1.3333 0.0000  6.4286 1.3333 0.0000 
25  6.4286 1.3333 0.0000  7.1429 1.3333 0.0000  7.1429 0.66667 0.0000  6.4286 0.66667 0.0000 
26  6.4286 0.66667 0.0000  7.1429 0.66667 0.0000  7.1429 2.2204e-16 0.0000  6.4286 2.2204e-16 0.0000 
27  7.1429 2.0000 0.0000  7.8571 2.0000 0.0000  7.8571 1.3333 0.0000  7.1429 1.3333 0.0000 
28  7.1429 1.3333 0.0000  7.8571 1.3333 0.0000  7.8571 0.66667 0.0000  7.1429 0.66667 0.0000 
29  7.1429 0.66667 0.0000  7.8571 0.66667 0.0000  7.8571 2.2204e-16 0.0000  7.1429 2.2204e-16 0.0000 
30  7.8571 2.0000 0.0000  8.5714 2.0000 0.0000  8.5714 1.3333 0.0000  7.8571 1.3333 0.0000 
31  7.8571 1.3333 0.0000  8.5714 1.3333 0.0000  8.5714 0.66667 0.0000  7.8571 0.66667 0.0000 
32  7.8571 0.66667 0.0000  8.5714 0.66667 0.0000  8.5714 2.2204e-16 0.0000  7.8571 2.2204e-16 0.0000 
33  8.5714 2.0000 0.0000  9.2857 2.0000 0.0000  9.2857 1.3333 0.0000  8.5714 1.3333 0.0000 
34  8.5714 1.3333 0.0000  9.2857 1.3333 0.0000  9.2857 0.66667 0.0000  8.5714 0.66667 0.0000 
35  8.5714 0.66667 0.0000  9.2857 0.66667 0.0000  9.2857 2.2204e-16 0.0000  8.5714 2.2204e-16 0.0000 
36  9.2857 2.0000 0.0000  10.000 2.0000 0.0000  10.000 1.3333 0.0000  9.2857 1.3333 0.0000 
37  9.2857 1.3333 0.0000  10.000 1.3333 0.0000  10.000 0.66667 0.0000  9.2857 0.66667 0.0000 
38  9.2857 0.66667 0.0000  10.000 0.66667 0.0000  10.000 2.2204e-16 0.0000  9.2857 2.2204e-16 0.0000 
39  8.1143 2.1857 0.0000  8.1143 2.0000 0.0000  8.3143 2.0000 0.0000  8.3143 2.1857 0.0000 
40  8.1143 2.3714 0.0000  8.1143 2.1857 0.0000  8.3143 2.1857 0.0000  8.3143 2.3714 0.0000 
41  8.1143 2.5571 0.0000  8.1143 2.3714 0.0000  8.3143 2.3714 0.0000  8.3143 2.5571 0.0000 
42  8.0786 2.7429 0.0000  8.1143 2.5571 0.0000  8.3143 2.5571 0.0000  8.3500 2.7429 0.0000 
43  8.0321 2.9286 0.0000  8.0786 2.7429 0.0000  8.3500 2.7429 0.0000  8.3964 2.9286 0.0000 
44  8.0143 3.1143 0.0000  8.0321 2.9286 0.0000  8.3964 2.9286 0.0000  8.4143 3.1143 0.0000 
45  8.1643 3.3000 0.0000  8.0143 3.1143 0.0000  8.4143 3.1143 0.0000  8.2643 3.3000 0.0000 
46  6.1714 -0.18571 0.0000  6.1714 2.2817e-16 0.0000  5.9714 2.1592e-16 0.0000  5.9714 -0.18571 0.0000 
47  6.1714 -0.37143 0.0000  6.1714 -0.18571 0.0000  5.9714 -0.18571 0.0000  5.9714 -0.37143 0.0000 
48  6.1714 -0.55714 0.0000  6.1714 -0.37143 0.0000  5.9714 -0.37143 0.0000  5.9714 -0.55714 0.0000 
49  6.2071 -0.74286 0.0000  6.1714 -0.55714 0.0000  5.9714 -0.55714 0.0000  5.9357 -0.74286 0.0000 
50  6.2536 -0.92857 0.0000  6.2071 -0.74286 0.0000  5.9357 -0.74286 0.0000  5.8893 -0.92857 0.0000 
51  6.2714 -1.1143 0.0000  6.2536 -0.92857 0.0000  5.8893 -0.92857 0.0000  5.8714 -1.1143 0.0000 
52  6.1214 -1.3000 0.0000  6.2714 -1.1143 0.0000  5.8714 -1.1143 0.0000  6.0214 -1.3000 0.0000 
53  6.6857 2.1857 0.0000  6.6857 2.0000 0.0000  6.8857 2.0000 0.0000  6.8857 2.1857 0.0000 
54  6.6857 2.3714 0.0000  6.6857 2.1857 0.0000  6.8857 2.1857 0.0000  6.8857 2.3714 0.0000 
55  6.6857 2.5571 0.0000  6.6857 2.3714 0.0000  6.8857 2.3714 0.0000  6.8857 2.5571 0.0000 
56  6.6500 2.7429 0.0000  6.6857 2.5571 0.0000  6.8857 2.5571 0.0000  6.9214 2.7429 0.0000 
57  6.6036 2.9286 0.0000  6.6500 2.7429 0.0000  6.9214 2.7429 0.0000  6.9679 2.9286 0.0000 
58  6.5857 3.1143 0.0000  6.6036 2.9286 0.0000  6.9679 2.9286 0.0000  6.9857 3.1143 0.0000 
59  6.7357 3.3000 0.0000  6.5857 3.1143 0.0000  6.9857 3.1143 0.0000  6.8357 3.3000 0.0000 
60  5.9714 2.1857 0.0000  5.9714 2.0000 0.0000  6.1714 2.0000 0.0000  6.1714 2.1857 0.0000 
61  5.9714 2.3714 0.0000  5.9714 2.1857 0.0000  6.1714 2.1857 0.0000  6.1714 2.3714 0.0000 
62  5.9714 2.5571 0.0000  5.9714 2.3714 0.0000  6.1714 2.3714 0.0000  6.1714 2.5571 0.0000 
63  5.9357 2.7429 0.0000  5.9714 2.5571 0.0000  6.1714 2.5571 0.0000  6.2071 2.7429 0.0000 
64  5.8893 2.9286 0.0000  5.9357 2.7429 0.0000  6.2071 2.7429 0.0000  6.2536 2.9286 0.0000 
65  5.8714 3.1143 0.0000  5.8893 2.9286 0.0000  6.2536 2.9286 0.0000  6.2714 3.1143 0.0000 
66  6.0214 3.3000 0.0000  5.8714 3.1143 0.0000  6.2714 3.1143 0.0000  6.1214 3.3000 0.0000 
67  7.4000 2.1857 0.0000  7.4000 2.0000 0.0000  7.6000 2.0000 0.0000  7.6000 2.1857 0.0000 
68  7.4000 2.3714 0.0000  7.4000 2.1857 0.0000  7.6000 2.1857 0.0000  7.6000 2.3714 0.0000 
69  7.4000 2.5571 0.0000  7.4000 2.3714 0.0000  7.6000 2.3714 0.0000  7.6000 2.5571 0.0000 
70  7.3643 2.7429 0.0000  7.4000 2.5571 0.0000  7.6000 2.5571 0.0000  7.6357 2.7429 0.0000 
71  7.3179 2.9286 0.0000  7.3643 2.7429 0.0000  7.6357 2.7429 0.0000  7.6821 2.9286 0.0000 
72  7.3000 3.1143 0.0000  7.3179 2.9286 0.0000  7.6821 2.9286 0.0000  7.7000 3.1143 0.0000 
73  7.4500 3.3000 0.0000  7.3000 3.1143 0.0000  7.7000 3.1143 0.0000  7.5500 3.3000 0.0000 
74  8.3143 -0.18571 0.0000  8.3143 2.2817e-16 0.0000  8.1143 2.1592e-16 0.0000  8.1143 -0.18571 0.0000 
75  8.3143 -0.37143 0.0000  8.3143 -0.18571 0.0000  8.1143 -0.18571 0.0000  8.1143 -0.37143 0.0000 
76  8.3143 -0.55714 0.0000  8.3143 -0.37143 0.0000  8.1143 -0.37143 0.0000  8.1143 -0.55714 0.0000 
77  8.3500 -0.74286 0.0000  8.3143 -0.55714 0.0000  8.1143 -0.55714 0.0000  8.0786 -0.74286 0.0000 
78  8.3964 -0.92857 0.0000  8.3500 -0.74286 0.0000  8.0786 -0.74286 0.0000  8.0321 -0.92857 0.0000 
79  8.4143 -1.1143 0.0000  8.3964 -0.92857 0.0000  8.0321 -0.92857 0.0000  8.0143 -1.1143 0.0000 
80  8.2643 -1.3000 0.0000  8.4143 -1.1143 0.0000  8.0143 -1.1143 0.0000  8.1643 -1.3000 0.0000 
81  6.8857 -0.18571 0.0000  6.8857 2.2817e-16 0.0000  6.6857 2.1592e-16 0.0000  6.6857 -0.18571 0.0000 
82  6.8857 -0.37143 0.0000  6.8857 -0.18571 0.0000  6.6857 -0.18571 0.0000  6.6857 -0.37143 0.0000 
83  6.8857 -0.55714 0.0000  6.8857 -0.37143 0.0000  6.6857 -0.37143 0.0000  6.6857 -0.55714 0.0000 
84  6.9214 -0.74286 0.0000  6.8857 -0.55714 0.0000  6.6857 -0.55714 0.0000  6.6500 -0.74286 0.0000 
85  6.9679 -0.92857 0.0000  6.9214 -0.74286 0.0000  6.6500 -0.74286 0.0000  6.6036 -0.92857 0.0000 
86  6.9857 -1.1143 0.0000  6.9679 -0.92857 0.0000  6.6036 -0.92857 0.0000  6.5857 -1.1143 0.0000 
87  6.8357 -1.3000 0.0000  6.9857 -1.1143 0.0000  6.5857 -1.1143 0.0000  6.7357 -1.3000 0.0000 
88  3.4462 -0.18000 0.0000  3.4333 2.2817e-16 0.0000  3.2333 2.1592e-16 0.0000  3.2205 -0.18000 0.0000 
89  3.4590 -0.36000 0.0000  3.4462 -0.18000 0.0000  3.2205 -0.18000 0.0000  3.2076 -0.36000 0.0000 
90  3.4719 -0.54000 0.0000  3.4590 -0.36000 0.0000  3.2076 -0.36000 0.0000  3.1948 -0.54000 0.0000 
91  3.4733 -0.72000 0.0000  3.4719 -0.54000 0.0000  3.1948 -0.54000 0.0000  3.1933 -0.72000 0.0000 
92  3.3833 -0.90000 0.0000  3.4733 -0.72000 0.0000  3.1933 -0.72000 0.0000  3.2833 -0.90000 0.0000 
93  1.8871 2.1800 0.0000  1.9000 2.0000 0.0000  2.1000 2.0000 0.0000  2.1129 2.1800 0.0000 
94  1.8743 2.3600 0.0000  1.8871 2.1800 0.0000  2.1129 2.1800 0.0000  2.1257 2.3600 0.0000 
95  1.8614 2.5400 0.0000  1.8743 2.3600 0.0000  2.1257 2.3600 0.0000  2.1386 2.5400 0.0000 
96  1.8600 2.7200 0.0000  1.8614 2.5400 0.0000  2.1386 2.5400 0.0000  2.1400 2.7200 0.0000 
97  1.9500 2.9000 0.0000  1.8600 2.7200 0.0000  2.1400 2.7200 0.0000  2.0500 2.9000 0.0000 
98  2.5538 2.1800 0.0000  2.5667 2.0000 0.0000  2.7667 2.0000 0.0000  2.7795 2.1800 0.0000 
99  2.5410 2.3600 0.0000  2.5538 2.1800 0.0000  2.7795 2.1800 0.0000  2.7924 2.3600 0.0000 
100  2.5281 2.5400 0.0000  2.5410 2.3600 0.0000  2.7924 2.3600 0.0000  2.8052 2.5400 0.0000 
101  2.5267 2.7200 0.0000  2.5281 2.5400 0.0000  2.8052 2.5400 0.0000  2.8067 2.7200 0.0000 
102  2.6167 2.9000 0.0000  2.5267 2.7200 0.0000  2.8067 2.7200 0.0000  2.7167 2.9000 0.0000 
