element_index  x0 y0 z0 x1 y1 z1 x2 y2 z2 x3 y3 z3 volume deltaZ
0  2.9000 1.4750 -0.20000 2.9500 1.4750 -0.20000 2.9500 1.4250 -0.20000 2.9000 1.4250 -0.20000 0.00012500 0.050000
1  2.9000 1.4750 -0.15000 2.9500 1.4750 -0.15000 2.9500 1.4250 -0.15000 2.9000 1.4250 -0.15000 0.00012500 0.050000
2  2.9000 1.4750 -0.10000 2.9500 1.4750 -0.10000 2.9500 1.4250 -0.10000 2.9000 1.4250 -0.10000 0.00012500 0.050000
3  2.9000 1.4750 -0.050000 2.9500 1.4750 -0.050000 2.9500 1.4250 -0.050000 2.9000 1.4250 -0.050000 0.00012500 0.050000
4  2.9000 1.4750 0.0000 2.9500 1.4750 0.0000 2.9500 1.4250 0.0000 2.9000 1.4250 0.0000 0.00012500 0.050000
5  2.9000 1.4750 0.050000 2.9500 1.4750 0.050000 2.9500 1.4250 0.050000 2.9000 1.4250 0.050000 0.00012500 0.050000
6  2.9000 1.4750 0.10000 2.9500 1.4750 0.10000 2.9500 1.4250 0.10000 2.9000 1.4250 0.10000 0.00012500 0.050000
7  2.9000 1.4750 0.15000 2.9500 1.4750 0.15000 2.9500 1.4250 0.15000 2.9000 1.4250 0.15000 0.00012500 0.050000
8  2.9000 1.4750 0.20000 2.9500 1.4750 0.20000 2.9500 1.4250 0.20000 2.9000 1.4250 0.20000 0.00012500 0.050000
9  2.9000 1.4250 -0.25000 2.9500 1.4250 -0.25000 2.9500 1.3750 -0.25000 2.9000 1.3750 -0.25000 0.00012500 0.050000
10  2.9000 1.4250 -0.20000 2.9500 1.4250 -0.20000 2.9500 1.3750 -0.20000 2.9000 1.3750 -0.20000 0.00012500 0.050000
11  2.9000 1.4250 -0.15000 2.9500 1.4250 -0.15000 2.9500 1.3750 -0.15000 2.9000 1.3750 -0.15000 0.00012500 0.050000
12  2.9000 1.4250 -0.10000 2.9500 1.4250 -0.10000 2.9500 1.3750 -0.10000 2.9000 1.3750 -0.10000 0.00012500 0.050000
13  2.9000 1.4250 -0.050000 2.9500 1.4250 -0.050000 2.9500 1.3750 -0.050000 2.9000 1.3750 -0.050000 0.00012500 0.050000
14  2.9000 1.4250 0.0000 2.9500 1.4250 0.0000 2.9500 1.3750 0.0000 2.9000 1.3750 0.0000 0.00012500 0.050000
15  2.9000 1.4250 0.050000 2.9500 1.4250 0.050000 2.9500 1.3750 0.050000 2.9000 1.3750 0.050000 0.00012500 0.050000
16  2.9000 1.4250 0.10000 2.9500 1.4250 0.10000 2.9500 1.3750 0.10000 2.9000 1.3750 0.10000 0.00012500 0.050000
17  2.9000 1.4250 0.15000 2.9500 1.4250 0.15000 2.9500 1.3750 0.15000 2.9000 1.3750 0.15000 0.00012500 0.050000
18  2.9000 1.4250 0.20000 2.9500 1.4250 0.20000 2.9500 1.3750 0.20000 2.9000 1.3750 0.20000 0.00012500 0.050000
19  2.9000 1.4250 0.25000 2.9500 1.4250 0.25000 2.9500 1.3750 0.25000 2.9000 1.3750 0.25000 0.00012500 0.050000
20  2.9000 1.3750 -0.35000 2.9500 1.3750 -0.35000 2.9500 1.3250 -0.35000 2.9000 1.3250 -0.35000 0.00012500 0.050000
21  2.9000 1.3750 -0.30000 2.9500 1.3750 -0.30000 2.9500 1.3250 -0.30000 2.9000 1.3250 -0.30000 0.00012500 0.050000
22  2.9000 1.3750 -0.25000 2.9500 1.3750 -0.25000 2.9500 1.3250 -0.25000 2.9000 1.3250 -0.25000 0.00012500 0.050000
23  2.9000 1.3750 -0.20000 2.9500 1.3750 -0.20000 2.9500 1.3250 -0.20000 2.9000 1.3250 -0.20000 0.00012500 0.050000
24  2.9000 1.3750 -0.15000 2.9500 1.3750 -0.15000 2.9500 1.3250 -0.15000 2.9000 1.3250 -0.15000 0.00012500 0.050000
25  2.9000 1.3750 -0.10000 2.9500 1.3750 -0.10000 2.9500 1.3250 -0.10000 2.9000 1.3250 -0.10000 0.00012500 0.050000
26  2.9000 1.3750 -0.050000 2.9500 1.3750 -0.050000 2.9500 1.3250 -0.050000 2.9000 1.3250 -0.050000 0.00012500 0.050000
27  2.9000 1.3750 0.0000 2.9500 1.3750 0.0000 2.9500 1.3250 0.0000 2.9000 1.3250 0.0000 0.00012500 0.050000
28  2.9000 1.3750 0.050000 2.9500 1.3750 0.050000 2.9500 1.3250 0.050000 2.9000 1.3250 0.050000 0.00012500 0.050000
29  2.9000 1.3750 0.10000 2.9500 1.3750 0.10000 2.9500 1.3250 0.10000 2.9000 1.3250 0.10000 0.00012500 0.050000
30  2.9000 1.3750 0.15000 2.9500 1.3750 0.15000 2.9500 1.3250 0.15000 2.9000 1.3250 0.15000 0.00012500 0.050000
31  2.9000 1.3750 0.20000 2.9500 1.3750 0.20000 2.9500 1.3250 0.20000 2.9000 1.3250 0.20000 0.00012500 0.050000
32  2.9000 1.3750 0.25000 2.9500 1.3750 0.25000 2.9500 1.3250 0.25000 2.9000 1.3250 0.25000 0.00012500 0.050000
33  2.9000 1.3750 0.30000 2.9500 1.3750 0.30000 2.9500 1.3250 0.30000 2.9000 1.3250 0.30000 0.00012500 0.050000
34  2.9000 1.3750 0.35000 2.9500 1.3750 0.35000 2.9500 1.3250 0.35000 2.9000 1.3250 0.35000 0.00012500 0.050000
35  2.9000 1.3250 -0.35000 2.9500 1.3250 -0.35000 2.9500 1.2750 -0.35000 2.9000 1.2750 -0.35000 0.00012500 0.050000
36  2.9000 1.3250 -0.30000 2.9500 1.3250 -0.30000 2.9500 1.2750 -0.30000 2.9000 1.2750 -0.30000 0.00012500 0.050000
37  2.9000 1.3250 -0.25000 2.9500 1.3250 -0.25000 2.9500 1.2750 -0.25000 2.9000 1.2750 -0.25000 0.00012500 0.050000
38  2.9000 1.3250 -0.20000 2.9500 1.3250 -0.20000 2.9500 1.2750 -0.20000 2.9000 1.2750 -0.20000 0.00012500 0.050000
39  2.9000 1.3250 -0.15000 2.9500 1.3250 -0.15000 2.9500 1.2750 -0.15000 2.9000 1.2750 -0.15000 0.00012500 0.050000
40  2.9000 1.3250 -0.10000 2.9500 1.3250 -0.10000 2.9500 1.2750 -0.10000 2.9000 1.2750 -0.10000 0.00012500 0.050000
41  2.9000 1.3250 -0.050000 2.9500 1.3250 -0.050000 2.9500 1.2750 -0.050000 2.9000 1.2750 -0.050000 0.00012500 0.050000
42  2.9000 1.3250 0.0000 2.9500 1.3250 0.0000 2.9500 1.2750 0.0000 2.9000 1.2750 0.0000 0.00012500 0.050000
43  2.9000 1.3250 0.050000 2.9500 1.3250 0.050000 2.9500 1.2750 0.050000 2.9000 1.2750 0.050000 0.00012500 0.050000
44  2.9000 1.3250 0.10000 2.9500 1.3250 0.10000 2.9500 1.2750 0.10000 2.9000 1.2750 0.10000 0.00012500 0.050000
45  2.9000 1.3250 0.15000 2.9500 1.3250 0.15000 2.9500 1.2750 0.15000 2.9000 1.2750 0.15000 0.00012500 0.050000
46  2.9000 1.3250 0.20000 2.9500 1.3250 0.20000 2.9500 1.2750 0.20000 2.9000 1.2750 0.20000 0.00012500 0.050000
47  2.9000 1.3250 0.25000 2.9500 1.3250 0.25000 2.9500 1.2750 0.25000 2.9000 1.2750 0.25000 0.00012500 0.050000
48  2.9000 1.3250 0.30000 2.9500 1.3250 0.30000 2.9500 1.2750 0.30000 2.9000 1.2750 0.30000 0.00012500 0.050000
49  2.9000 1.3250 0.35000 2.9500 1.3250 0.35000 2.9500 1.2750 0.35000 2.9000 1.2750 0.35000 0.00012500 0.050000
50  2.9000 1.2750 -0.40000 2.9500 1.2750 -0.40000 2.9500 1.2250 -0.40000 2.9000 1.2250 -0.40000 0.00012500 0.050000
51  2.9000 1.2750 -0.35000 2.9500 1.2750 -0.35000 2.9500 1.2250 -0.35000 2.9000 1.2250 -0.35000 0.00012500 0.050000
52  2.9000 1.2750 -0.30000 2.9500 1.2750 -0.30000 2.9500 1.2250 -0.30000 2.9000 1.2250 -0.30000 0.00012500 0.050000
53  2.9000 1.2750 -0.25000 2.9500 1.2750 -0.25000 2.9500 1.2250 -0.25000 2.9000 1.2250 -0.25000 0.00012500 0.050000
54  2.9000 1.2750 -0.20000 2.9500 1.2750 -0.20000 2.9500 1.2250 -0.20000 2.9000 1.2250 -0.20000 0.00012500 0.050000
55  2.9000 1.2750 -0.15000 2.9500 1.2750 -0.15000 2.9500 1.2250 -0.15000 2.9000 1.2250 -0.15000 0.00012500 0.050000
56  2.9000 1.2750 -0.10000 2.9500 1.2750 -0.10000 2.9500 1.2250 -0.10000 2.9000 1.2250 -0.10000 0.00012500 0.050000
57  2.9000 1.2750 -0.050000 2.9500 1.2750 -0.050000 2.9500 1.2250 -0.050000 2.9000 1.2250 -0.050000 0.00012500 0.050000
58  2.9000 1.2750 0.0000 2.9500 1.2750 0.0000 2.9500 1.2250 0.0000 2.9000 1.2250 0.0000 0.00012500 0.050000
59  2.9000 1.2750 0.050000 2.9500 1.2750 0.050000 2.9500 1.2250 0.050000 2.9000 1.2250 0.050000 0.00012500 0.050000
60  2.9000 1.2750 0.10000 2.9500 1.2750 0.10000 2.9500 1.2250 0.10000 2.9000 1.2250 0.10000 0.00012500 0.050000
61  2.9000 1.2750 0.15000 2.9500 1.2750 0.15000 2.9500 1.2250 0.15000 2.9000 1.2250 0.15000 0.00012500 0.050000
62  2.9000 1.2750 0.20000 2.9500 1.2750 0.20000 2.9500 1.2250 0.20000 2.9000 1.2250 0.20000 0.00012500 0.050000
63  2.9000 1.2750 0.25000 2.9500 1.2750 0.25000 2.9500 1.2250 0.25000 2.9000 1.2250 0.25000 0.00012500 0.050000
64  2.9000 1.2750 0.30000 2.9500 1.2750 0.30000 2.9500 1.2250 0.30000 2.9000 1.2250 0.30000 0.00012500 0.050000
65  2.9000 1.2750 0.35000 2.9500 1.2750 0.35000 2.9500 1.2250 0.35000 2.9000 1.2250 0.35000 0.00012500 0.050000
66  2.9000 1.2750 0.40000 2.9500 1.2750 0.40000 2.9500 1.2250 0.40000 2.9000 1.2250 0.40000 0.00012500 0.050000
67  2.9000 1.2250 -0.45000 2.9500 1.2250 -0.45000 2.9500 1.1750 -0.45000 2.9000 1.1750 -0.45000 0.00012500 0.050000
68  2.9000 1.2250 -0.40000 2.9500 1.2250 -0.40000 2.9500 1.1750 -0.40000 2.9000 1.1750 -0.40000 0.00012500 0.050000
69  2.9000 1.2250 -0.35000 2.9500 1.2250 -0.35000 2.9500 1.1750 -0.35000 2.9000 1.1750 -0.35000 0.00012500 0.050000
70  2.9000 1.2250 -0.30000 2.9500 1.2250 -0.30000 2.9500 1.1750 -0.30000 2.9000 1.1750 -0.30000 0.00012500 0.050000
71  2.9000 1.2250 -0.25000 2.9500 1.2250 -0.25000 2.9500 1.1750 -0.25000 2.9000 1.1750 -0.25000 0.00012500 0.050000
72  2.9000 1.2250 -0.20000 2.9500 1.2250 -0.20000 2.9500 1.1750 -0.20000 2.9000 1.1750 -0.20000 0.00012500 0.050000
73  2.9000 1.2250 -0.15000 2.9500 1.2250 -0.15000 2.9500 1.1750 -0.15000 2.9000 1.1750 -0.15000 0.00012500 0.050000
74  2.9000 1.2250 -0.10000 2.9500 1.2250 -0.10000 2.9500 1.1750 -0.10000 2.9000 1.1750 -0.10000 0.00012500 0.050000
75  2.9000 1.2250 -0.050000 2.9500 1.2250 -0.050000 2.9500 1.1750 -0.050000 2.9000 1.1750 -0.050000 0.00012500 0.050000
76  2.9000 1.2250 0.0000 2.9500 1.2250 0.0000 2.9500 1.1750 0.0000 2.9000 1.1750 0.0000 0.00012500 0.050000
77  2.9000 1.2250 0.050000 2.9500 1.2250 0.050000 2.9500 1.1750 0.050000 2.9000 1.1750 0.050000 0.00012500 0.050000
78  2.9000 1.2250 0.10000 2.9500 1.2250 0.10000 2.9500 1.1750 0.10000 2.9000 1.1750 0.10000 0.00012500 0.050000
79  2.9000 1.2250 0.15000 2.9500 1.2250 0.15000 2.9500 1.1750 0.15000 2.9000 1.1750 0.15000 0.00012500 0.050000
80  2.9000 1.2250 0.20000 2.9500 1.2250 0.20000 2.9500 1.1750 0.20000 2.9000 1.1750 0.20000 0.00012500 0.050000
81  2.9000 1.2250 0.25000 2.9500 1.2250 0.25000 2.9500 1.1750 0.25000 2.9000 1.1750 0.25000 0.00012500 0.050000
82  2.9000 1.2250 0.30000 2.9500 1.2250 0.30000 2.9500 1.1750 0.30000 2.9000 1.1750 0.30000 0.00012500 0.050000
83  2.9000 1.2250 0.35000 2.9500 1.2250 0.35000 2.9500 1.1750 0.35000 2.9000 1.1750 0.35000 0.00012500 0.050000
84  2.9000 1.2250 0.40000 2.9500 1.2250 0.40000 2.9500 1.1750 0.40000 2.9000 1.1750 0.40000 0.00012500 0.050000
85  2.9000 1.2250 0.45000 2.9500 1.2250 0.45000 2.9500 1.1750 0.45000 2.9000 1.1750 0.45000 0.00012500 0.050000
86  2.9000 1.1750 -0.45000 2.9500 1.1750 -0.45000 2.9500 1.1250 -0.45000 2.9000 1.1250 -0.45000 0.00012500 0.050000
87  2.9000 1.1750 -0.40000 2.9500 1.1750 -0.40000 2.9500 1.1250 -0.40000 2.9000 1.1250 -0.40000 0.00012500 0.050000
88  2.9000 1.1750 -0.35000 2.9500 1.1750 -0.35000 2.9500 1.1250 -0.35000 2.9000 1.1250 -0.35000 0.00012500 0.050000
89  2.9000 1.1750 -0.30000 2.9500 1.1750 -0.30000 2.9500 1.1250 -0.30000 2.9000 1.1250 -0.30000 0.00012500 0.050000
90  2.9000 1.1750 -0.25000 2.9500 1.1750 -0.25000 2.9500 1.1250 -0.25000 2.9000 1.1250 -0.25000 0.00012500 0.050000
91  2.9000 1.1750 -0.20000 2.9500 1.1750 -0.20000 2.9500 1.1250 -0.20000 2.9000 1.1250 -0.20000 0.00012500 0.050000
92  2.9000 1.1750 -0.15000 2.9500 1.1750 -0.15000 2.9500 1.1250 -0.15000 2.9000 1.1250 -0.15000 0.00012500 0.050000
93  2.9000 1.1750 -0.10000 2.9500 1.1750 -0.10000 2.9500 1.1250 -0.10000 2.9000 1.1250 -0.10000 0.00012500 0.050000
94  2.9000 1.1750 -0.050000 2.9500 1.1750 -0.050000 2.9500 1.1250 -0.050000 2.9000 1.1250 -0.050000 0.00012500 0.050000
95  2.9000 1.1750 0.0000 2.9500 1.1750 0.0000 2.9500 1.1250 0.0000 2.9000 1.1250 0.0000 0.00012500 0.050000
96  2.9000 1.1750 0.050000 2.9500 1.1750 0.050000 2.9500 1.1250 0.050000 2.9000 1.1250 0.050000 0.00012500 0.050000
97  2.9000 1.1750 0.10000 2.9500 1.1750 0.10000 2.9500 1.1250 0.10000 2.9000 1.1250 0.10000 0.00012500 0.050000
98  2.9000 1.1750 0.15000 2.9500 1.1750 0.15000 2.9500 1.1250 0.15000 2.9000 1.1250 0.15000 0.00012500 0.050000
99  2.9000 1.1750 0.20000 2.9500 1.1750 0.20000 2.9500 1.1250 0.20000 2.9000 1.1250 0.20000 0.00012500 0.050000
100  2.9000 1.1750 0.25000 2.9500 1.1750 0.25000 2.9500 1.1250 0.25000 2.9000 1.1250 0.25000 0.00012500 0.050000
101  2.9000 1.1750 0.30000 2.9500 1.1750 0.30000 2.9500 1.1250 0.30000 2.9000 1.1250 0.30000 0.00012500 0.050000
102  2.9000 1.1750 0.35000 2.9500 1.1750 0.35000 2.9500 1.1250 0.35000 2.9000 1.1250 0.35000 0.00012500 0.050000
103  2.9000 1.1750 0.40000 2.9500 1.1750 0.40000 2.9500 1.1250 0.40000 2.9000 1.1250 0.40000 0.00012500 0.050000
104  2.9000 1.1750 0.45000 2.9500 1.1750 0.45000 2.9500 1.1250 0.45000 2.9000 1.1250 0.45000 0.00012500 0.050000
105  2.9000 1.1250 -0.45000 2.9500 1.1250 -0.45000 2.9500 1.0750 -0.45000 2.9000 1.0750 -0.45000 0.00012500 0.050000
106  2.9000 1.1250 -0.40000 2.9500 1.1250 -0.40000 2.9500 1.0750 -0.40000 2.9000 1.0750 -0.40000 0.00012500 0.050000
107  2.9000 1.1250 -0.35000 2.9500 1.1250 -0.35000 2.9500 1.0750 -0.35000 2.9000 1.0750 -0.35000 0.00012500 0.050000
108  2.9000 1.1250 -0.30000 2.9500 1.1250 -0.30000 2.9500 1.0750 -0.30000 2.9000 1.0750 -0.30000 0.00012500 0.050000
109  2.9000 1.1250 -0.25000 2.9500 1.1250 -0.25000 2.9500 1.0750 -0.25000 2.9000 1.0750 -0.25000 0.00012500 0.050000
110  2.9000 1.1250 -0.20000 2.9500 1.1250 -0.20000 2.9500 1.0750 -0.20000 2.9000 1.0750 -0.20000 0.00012500 0.050000
111  2.9000 1.1250 -0.15000 2.9500 1.1250 -0.15000 2.9500 1.0750 -0.15000 2.9000 1.0750 -0.15000 0.00012500 0.050000
112  2.9000 1.1250 -0.10000 2.9500 1.1250 -0.10000 2.9500 1.0750 -0.10000 2.9000 1.0750 -0.10000 0.00012500 0.050000
113  2.9000 1.1250 -0.050000 2.9500 1.1250 -0.050000 2.9500 1.0750 -0.050000 2.9000 1.0750 -0.050000 0.00012500 0.050000
114  2.9000 1.1250 0.0000 2.9500 1.1250 0.0000 2.9500 1.0750 0.0000 2.9000 1.0750 0.0000 0.00012500 0.050000
115  2.9000 1.1250 0.050000 2.9500 1.1250 0.050000 2.9500 1.0750 0.050000 2.9000 1.0750 0.050000 0.00012500 0.050000
116  2.9000 1.1250 0.10000 2.9500 1.1250 0.10000 2.9500 1.0750 0.10000 2.9000 1.0750 0.10000 0.00012500 0.050000
117  2.9000 1.1250 0.15000 2.9500 1.1250 0.15000 2.9500 1.0750 0.15000 2.9000 1.0750 0.15000 0.00012500 0.050000
118  2.9000 1.1250 0.20000 2.9500 1.1250 0.20000 2.9500 1.0750 0.20000 2.9000 1.0750 0.20000 0.00012500 0.050000
119  2.9000 1.1250 0.25000 2.9500 1.1250 0.25000 2.9500 1.0750 0.25000 2.9000 1.0750 0.25000 0.00012500 0.050000
120  2.9000 1.1250 0.30000 2.9500 1.1250 0.30000 2.9500 1.0750 0.30000 2.9000 1.0750 0.30000 0.00012500 0.050000
121  2.9000 1.1250 0.35000 2.9500 1.1250 0.35000 2.9500 1.0750 0.35000 2.9000 1.0750 0.35000 0.00012500 0.050000
122  2.9000 1.1250 0.40000 2.9500 1.1250 0.40000 2.9500 1.0750 0.40000 2.9000 1.0750 0.40000 0.00012500 0.050000
123  2.9000 1.1250 0.45000 2.9500 1.1250 0.45000 2.9500 1.0750 0.45000 2.9000 1.0750 0.45000 0.00012500 0.050000
124  2.9000 1.0750 -0.45000 2.9500 1.0750 -0.45000 2.9500 1.0250 -0.45000 2.9000 1.0250 -0.45000 0.00012500 0.050000
125  2.9000 1.0750 -0.40000 2.9500 1.0750 -0.40000 2.9500 1.0250 -0.40000 2.9000 1.0250 -0.40000 0.00012500 0.050000
126  2.9000 1.0750 -0.35000 2.9500 1.0750 -0.35000 2.9500 1.0250 -0.35000 2.9000 1.0250 -0.35000 0.00012500 0.050000
127  2.9000 1.0750 -0.30000 2.9500 1.0750 -0.30000 2.9500 1.0250 -0.30000 2.9000 1.0250 -0.30000 0.00012500 0.050000
128  2.9000 1.0750 -0.25000 2.9500 1.0750 -0.25000 2.9500 1.0250 -0.25000 2.9000 1.0250 -0.25000 0.00012500 0.050000
129  2.9000 1.0750 -0.20000 2.9500 1.0750 -0.20000 2.9500 1.0250 -0.20000 2.9000 1.0250 -0.20000 0.00012500 0.050000
130  2.9000 1.0750 -0.15000 2.9500 1.0750 -0.15000 2.9500 1.0250 -0.15000 2.9000 1.0250 -0.15000 0.00012500 0.050000
131  2.9000 1.0750 -0.10000 2.9500 1.0750 -0.10000 2.9500 1.0250 -0.10000 2.9000 1.0250 -0.10000 0.00012500 0.050000
132  2.9000 1.0750 -0.050000 2.9500 1.0750 -0.050000 2.9500 1.0250 -0.050000 2.9000 1.0250 -0.050000 0.00012500 0.050000
133  2.9000 1.0750 0.0000 2.9500 1.0750 0.0000 2.9500 1.0250 0.0000 2.9000 1.0250 0.0000 0.00012500 0.050000
134  2.9000 1.0750 0.050000 2.9500 1.0750 0.050000 2.9500 1.0250 0.050000 2.9000 1.0250 0.050000 0.00012500 0.050000
135  2.9000 1.0750 0.10000 2.9500 1.0750 0.10000 2.9500 1.0250 0.10000 2.9000 1.0250 0.10000 0.00012500 0.050000
136  2.9000 1.0750 0.15000 2.9500 1.0750 0.15000 2.9500 1.0250 0.15000 2.9000 1.0250 0.15000 0.00012500 0.050000
137  2.9000 1.0750 0.20000 2.9500 1.0750 0.20000 2.9500 1.0250 0.20000 2.9000 1.0250 0.20000 0.00012500 0.050000
138  2.9000 1.0750 0.25000 2.9500 1.0750 0.25000 2.9500 1.0250 0.25000 2.9000 1.0250 0.25000 0.00012500 0.050000
139  2.9000 1.0750 0.30000 2.9500 1.0750 0.30000 2.9500 1.0250 0.30000 2.9000 1.0250 0.30000 0.00012500 0.050000
140  2.9000 1.0750 0.35000 2.9500 1.0750 0.35000 2.9500 1.0250 0.35000 2.9000 1.0250 0.35000 0.00012500 0.050000
141  2.9000 1.0750 0.40000 2.9500 1.0750 0.40000 2.9500 1.0250 0.40000 2.9000 1.0250 0.40000 0.00012500 0.050000
142  2.9000 1.0750 0.45000 2.9500 1.0750 0.45000 2.9500 1.0250 0.45000 2.9000 1.0250 0.45000 0.00012500 0.050000
143  2.9000 1.0250 -0.45000 2.9500 1.0250 -0.45000 2.9500 0.97500 -0.45000 2.9000 0.97500 -0.45000 0.00012500 0.050000
144  2.9000 1.0250 -0.40000 2.9500 1.0250 -0.40000 2.9500 0.97500 -0.40000 2.9000 0.97500 -0.40000 0.00012500 0.050000
145  2.9000 1.0250 -0.35000 2.9500 1.0250 -0.35000 2.9500 0.97500 -0.35000 2.9000 0.97500 -0.35000 0.00012500 0.050000
146  2.9000 1.0250 -0.30000 2.9500 1.0250 -0.30000 2.9500 0.97500 -0.30000 2.9000 0.97500 -0.30000 0.00012500 0.050000
147  2.9000 1.0250 -0.25000 2.9500 1.0250 -0.25000 2.9500 0.97500 -0.25000 2.9000 0.97500 -0.25000 0.00012500 0.050000
148  2.9000 1.0250 -0.20000 2.9500 1.0250 -0.20000 2.9500 0.97500 -0.20000 2.9000 0.97500 -0.20000 0.00012500 0.050000
149  2.9000 1.0250 -0.15000 2.9500 1.0250 -0.15000 2.9500 0.97500 -0.15000 2.9000 0.97500 -0.15000 0.00012500 0.050000
150  2.9000 1.0250 -0.10000 2.9500 1.0250 -0.10000 2.9500 0.97500 -0.10000 2.9000 0.97500 -0.10000 0.00012500 0.050000
151  2.9000 1.0250 -0.050000 2.9500 1.0250 -0.050000 2.9500 0.97500 -0.050000 2.9000 0.97500 -0.050000 0.00012500 0.050000
152  2.9000 1.0250 0.0000 2.9500 1.0250 0.0000 2.9500 0.97500 0.0000 2.9000 0.97500 0.0000 0.00012500 0.050000
153  2.9000 1.0250 0.050000 2.9500 1.0250 0.050000 2.9500 0.97500 0.050000 2.9000 0.97500 0.050000 0.00012500 0.050000
154  2.9000 1.0250 0.10000 2.9500 1.0250 0.10000 2.9500 0.97500 0.10000 2.9000 0.97500 0.10000 0.00012500 0.050000
155  2.9000 1.0250 0.15000 2.9500 1.0250 0.15000 2.9500 0.97500 0.15000 2.9000 0.97500 0.15000 0.00012500 0.050000
156  2.9000 1.0250 0.20000 2.9500 1.0250 0.20000 2.9500 0.97500 0.20000 2.9000 0.97500 0.20000 0.00012500 0.050000
157  2.9000 1.0250 0.25000 2.9500 1.0250 0.25000 2.9500 0.97500 0.25000 2.9000 0.97500 0.25000 0.00012500 0.050000
158  2.9000 1.0250 0.30000 2.9500 1.0250 0.30000 2.9500 0.97500 0.30000 2.9000 0.97500 0.30000 0.00012500 0.050000
159  2.9000 1.0250 0.35000 2.9500 1.0250 0.35000 2.9500 0.97500 0.35000 2.9000 0.97500 0.35000 0.00012500 0.050000
160  2.9000 1.0250 0.40000 2.9500 1.0250 0.40000 2.9500 0.97500 0.40000 2.9000 0.97500 0.40000 0.00012500 0.050000
161  2.9000 1.0250 0.45000 2.9500 1.0250 0.45000 2.9500 0.97500 0.45000 2.9000 0.97500 0.45000 0.00012500 0.050000
162  2.9000 0.97500 -0.45000 2.9500 0.97500 -0.45000 2.9500 0.92500 -0.45000 2.9000 0.92500 -0.45000 0.00012500 0.050000
163  2.9000 0.97500 -0.40000 2.9500 0.97500 -0.40000 2.9500 0.92500 -0.40000 2.9000 0.92500 -0.40000 0.00012500 0.050000
164  2.9000 0.97500 -0.35000 2.9500 0.97500 -0.35000 2.9500 0.92500 -0.35000 2.9000 0.92500 -0.35000 0.00012500 0.050000
165  2.9000 0.97500 -0.30000 2.9500 0.97500 -0.30000 2.9500 0.92500 -0.30000 2.9000 0.92500 -0.30000 0.00012500 0.050000
166  2.9000 0.97500 -0.25000 2.9500 0.97500 -0.25000 2.9500 0.92500 -0.25000 2.9000 0.92500 -0.25000 0.00012500 0.050000
167  2.9000 0.97500 -0.20000 2.9500 0.97500 -0.20000 2.9500 0.92500 -0.20000 2.9000 0.92500 -0.20000 0.00012500 0.050000
168  2.9000 0.97500 -0.15000 2.9500 0.97500 -0.15000 2.9500 0.92500 -0.15000 2.9000 0.92500 -0.15000 0.00012500 0.050000
169  2.9000 0.97500 -0.10000 2.9500 0.97500 -0.10000 2.9500 0.92500 -0.10000 2.9000 0.92500 -0.10000 0.00012500 0.050000
170  2.9000 0.97500 -0.050000 2.9500 0.97500 -0.050000 2.9500 0.92500 -0.050000 2.9000 0.92500 -0.050000 0.00012500 0.050000
171  2.9000 0.97500 0.0000 2.9500 0.97500 0.0000 2.9500 0.92500 0.0000 2.9000 0.92500 0.0000 0.00012500 0.050000
172  2.9000 0.97500 0.050000 2.9500 0.97500 0.050000 2.9500 0.92500 0.050000 2.9000 0.92500 0.050000 0.00012500 0.050000
173  2.9000 0.97500 0.10000 2.9500 0.97500 0.10000 2.9500 0.92500 0.10000 2.9000 0.92500 0.10000 0.00012500 0.050000
174  2.9000 0.97500 0.15000 2.9500 0.97500 0.15000 2.9500 0.92500 0.15000 2.9000 0.92500 0.15000 0.00012500 0.050000
175  2.9000 0.97500 0.20000 2.9500 0.97500 0.20000 2.9500 0.92500 0.20000 2.9000 0.92500 0.20000 0.00012500 0.050000
176  2.9000 0.97500 0.25000 2.9500 0.97500 0.25000 2.9500 0.92500 0.25000 2.9000 0.92500 0.25000 0.00012500 0.050000
177  2.9000 0.97500 0.30000 2.9500 0.97500 0.30000 2.9500 0.92500 0.30000 2.9000 0.92500 0.30000 0.00012500 0.050000
178  2.9000 0.97500 0.35000 2.9500 0.97500 0.35000 2.9500 0.92500 0.35000 2.9000 0.92500 0.35000 0.00012500 0.050000
179  2.9000 0.97500 0.40000 2.9500 0.97500 0.40000 2.9500 0.92500 0.40000 2.9000 0.92500 0.40000 0.00012500 0.050000
180  2.9000 0.97500 0.45000 2.9500 0.97500 0.45000 2.9500 0.92500 0.45000 2.9000 0.92500 0.45000 0.00012500 0.050000
181  2.9000 0.92500 -0.45000 2.9500 0.92500 -0.45000 2.9500 0.87500 -0.45000 2.9000 0.87500 -0.45000 0.00012500 0.050000
182  2.9000 0.92500 -0.40000 2.9500 0.92500 -0.40000 2.9500 0.87500 -0.40000 2.9000 0.87500 -0.40000 0.00012500 0.050000
183  2.9000 0.92500 -0.35000 2.9500 0.92500 -0.35000 2.9500 0.87500 -0.35000 2.9000 0.87500 -0.35000 0.00012500 0.050000
184  2.9000 0.92500 -0.30000 2.9500 0.92500 -0.30000 2.9500 0.87500 -0.30000 2.9000 0.87500 -0.30000 0.00012500 0.050000
185  2.9000 0.92500 -0.25000 2.9500 0.92500 -0.25000 2.9500 0.87500 -0.25000 2.9000 0.87500 -0.25000 0.00012500 0.050000
186  2.9000 0.92500 -0.20000 2.9500 0.92500 -0.20000 2.9500 0.87500 -0.20000 2.9000 0.87500 -0.20000 0.00012500 0.050000
187  2.9000 0.92500 -0.15000 2.9500 0.92500 -0.15000 2.9500 0.87500 -0.15000 2.9000 0.87500 -0.15000 0.00012500 0.050000
188  2.9000 0.92500 -0.10000 2.9500 0.92500 -0.10000 2.9500 0.87500 -0.10000 2.9000 0.87500 -0.10000 0.00012500 0.050000
189  2.9000 0.92500 -0.050000 2.9500 0.92500 -0.050000 2.9500 0.87500 -0.050000 2.9000 0.87500 -0.050000 0.00012500 0.050000
190  2.9000 0.92500 0.0000 2.9500 0.92500 0.0000 2.9500 0.87500 0.0000 2.9000 0.87500 0.0000 0.00012500 0.050000
191  2.9000 0.92500 0.050000 2.9500 0.92500 0.050000 2.9500 0.87500 0.050000 2.9000 0.87500 0.050000 0.00012500 0.050000
192  2.9000 0.92500 0.10000 2.9500 0.92500 0.10000 2.9500 0.87500 0.10000 2.9000 0.87500 0.10000 0.00012500 0.050000
193  2.9000 0.92500 0.15000 2.9500 0.92500 0.15000 2.9500 0.87500 0.15000 2.9000 0.87500 0.15000 0.00012500 0.050000
194  2.9000 0.92500 0.20000 2.9500 0.92500 0.20000 2.9500 0.87500 0.20000 2.9000 0.87500 0.20000 0.00012500 0.050000
195  2.9000 0.92500 0.25000 2.9500 0.92500 0.25000 2.9500 0.87500 0.25000 2.9000 0.87500 0.25000 0.00012500 0.050000
196  2.9000 0.92500 0.30000 2.9500 0.92500 0.30000 2.9500 0.87500 0.30000 2.9000 0.87500 0.30000 0.00012500 0.050000
197  2.9000 0.92500 0.35000 2.9500 0.92500 0.35000 2.9500 0.87500 0.35000 2.9000 0.87500 0.35000 0.00012500 0.050000
198  2.9000 0.92500 0.40000 2.9500 0.92500 0.40000 2.9500 0.87500 0.40000 2.9000 0.87500 0.40000 0.00012500 0.050000
199  2.9000 0.92500 0.45000 2.9500 0.92500 0.45000 2.9500 0.87500 0.45000 2.9000 0.87500 0.45000 0.00012500 0.050000
200  2.9000 0.87500 -0.45000 2.9500 0.87500 -0.45000 2.9500 0.82500 -0.45000 2.9000 0.82500 -0.45000 0.00012500 0.050000
201  2.9000 0.87500 -0.40000 2.9500 0.87500 -0.40000 2.9500 0.82500 -0.40000 2.9000 0.82500 -0.40000 0.00012500 0.050000
202  2.9000 0.87500 -0.35000 2.9500 0.87500 -0.35000 2.9500 0.82500 -0.35000 2.9000 0.82500 -0.35000 0.00012500 0.050000
203  2.9000 0.87500 -0.30000 2.9500 0.87500 -0.30000 2.9500 0.82500 -0.30000 2.9000 0.82500 -0.30000 0.00012500 0.050000
204  2.9000 0.87500 -0.25000 2.9500 0.87500 -0.25000 2.9500 0.82500 -0.25000 2.9000 0.82500 -0.25000 0.00012500 0.050000
205  2.9000 0.87500 -0.20000 2.9500 0.87500 -0.20000 2.9500 0.82500 -0.20000 2.9000 0.82500 -0.20000 0.00012500 0.050000
206  2.9000 0.87500 -0.15000 2.9500 0.87500 -0.15000 2.9500 0.82500 -0.15000 2.9000 0.82500 -0.15000 0.00012500 0.050000
207  2.9000 0.87500 -0.10000 2.9500 0.87500 -0.10000 2.9500 0.82500 -0.10000 2.9000 0.82500 -0.10000 0.00012500 0.050000
208  2.9000 0.87500 -0.050000 2.9500 0.87500 -0.050000 2.9500 0.82500 -0.050000 2.9000 0.82500 -0.050000 0.00012500 0.050000
209  2.9000 0.87500 0.0000 2.9500 0.87500 0.0000 2.9500 0.82500 0.0000 2.9000 0.82500 0.0000 0.00012500 0.050000
210  2.9000 0.87500 0.050000 2.9500 0.87500 0.050000 2.9500 0.82500 0.050000 2.9000 0.82500 0.050000 0.00012500 0.050000
211  2.9000 0.87500 0.10000 2.9500 0.87500 0.10000 2.9500 0.82500 0.10000 2.9000 0.82500 0.10000 0.00012500 0.050000
212  2.9000 0.87500 0.15000 2.9500 0.87500 0.15000 2.9500 0.82500 0.15000 2.9000 0.82500 0.15000 0.00012500 0.050000
213  2.9000 0.87500 0.20000 2.9500 0.87500 0.20000 2.9500 0.82500 0.20000 2.9000 0.82500 0.20000 0.00012500 0.050000
214  2.9000 0.87500 0.25000 2.9500 0.87500 0.25000 2.9500 0.82500 0.25000 2.9000 0.82500 0.25000 0.00012500 0.050000
215  2.9000 0.87500 0.30000 2.9500 0.87500 0.30000 2.9500 0.82500 0.30000 2.9000 0.82500 0.30000 0.00012500 0.050000
216  2.9000 0.87500 0.35000 2.9500 0.87500 0.35000 2.9500 0.82500 0.35000 2.9000 0.82500 0.35000 0.00012500 0.050000
217  2.9000 0.87500 0.40000 2.9500 0.87500 0.40000 2.9500 0.82500 0.40000 2.9000 0.82500 0.40000 0.00012500 0.050000
218  2.9000 0.87500 0.45000 2.9500 0.87500 0.45000 2.9500 0.82500 0.45000 2.9000 0.82500 0.45000 0.00012500 0.050000
219  2.9000 0.82500 -0.45000 2.9500 0.82500 -0.45000 2.9500 0.77500 -0.45000 2.9000 0.77500 -0.45000 0.00012500 0.050000
220  2.9000 0.82500 -0.40000 2.9500 0.82500 -0.40000 2.9500 0.77500 -0.40000 2.9000 0.77500 -0.40000 0.00012500 0.050000
221  2.9000 0.82500 -0.35000 2.9500 0.82500 -0.35000 2.9500 0.77500 -0.35000 2.9000 0.77500 -0.35000 0.00012500 0.050000
222  2.9000 0.82500 -0.30000 2.9500 0.82500 -0.30000 2.9500 0.77500 -0.30000 2.9000 0.77500 -0.30000 0.00012500 0.050000
223  2.9000 0.82500 -0.25000 2.9500 0.82500 -0.25000 2.9500 0.77500 -0.25000 2.9000 0.77500 -0.25000 0.00012500 0.050000
224  2.9000 0.82500 -0.20000 2.9500 0.82500 -0.20000 2.9500 0.77500 -0.20000 2.9000 0.77500 -0.20000 0.00012500 0.050000
225  2.9000 0.82500 -0.15000 2.9500 0.82500 -0.15000 2.9500 0.77500 -0.15000 2.9000 0.77500 -0.15000 0.00012500 0.050000
226  2.9000 0.82500 -0.10000 2.9500 0.82500 -0.10000 2.9500 0.77500 -0.10000 2.9000 0.77500 -0.10000 0.00012500 0.050000
227  2.9000 0.82500 -0.050000 2.9500 0.82500 -0.050000 2.9500 0.77500 -0.050000 2.9000 0.77500 -0.050000 0.00012500 0.050000
228  2.9000 0.82500 0.0000 2.9500 0.82500 0.0000 2.9500 0.77500 0.0000 2.9000 0.77500 0.0000 0.00012500 0.050000
229  2.9000 0.82500 0.050000 2.9500 0.82500 0.050000 2.9500 0.77500 0.050000 2.9000 0.77500 0.050000 0.00012500 0.050000
230  2.9000 0.82500 0.10000 2.9500 0.82500 0.10000 2.9500 0.77500 0.10000 2.9000 0.77500 0.10000 0.00012500 0.050000
231  2.9000 0.82500 0.15000 2.9500 0.82500 0.15000 2.9500 0.77500 0.15000 2.9000 0.77500 0.15000 0.00012500 0.050000
232  2.9000 0.82500 0.20000 2.9500 0.82500 0.20000 2.9500 0.77500 0.20000 2.9000 0.77500 0.20000 0.00012500 0.050000
233  2.9000 0.82500 0.25000 2.9500 0.82500 0.25000 2.9500 0.77500 0.25000 2.9000 0.77500 0.25000 0.00012500 0.050000
234  2.9000 0.82500 0.30000 2.9500 0.82500 0.30000 2.9500 0.77500 0.30000 2.9000 0.77500 0.30000 0.00012500 0.050000
235  2.9000 0.82500 0.35000 2.9500 0.82500 0.35000 2.9500 0.77500 0.35000 2.9000 0.77500 0.35000 0.00012500 0.050000
236  2.9000 0.82500 0.40000 2.9500 0.82500 0.40000 2.9500 0.77500 0.40000 2.9000 0.77500 0.40000 0.00012500 0.050000
237  2.9000 0.82500 0.45000 2.9500 0.82500 0.45000 2.9500 0.77500 0.45000 2.9000 0.77500 0.45000 0.00012500 0.050000
238  2.9000 0.77500 -0.40000 2.9500 0.77500 -0.40000 2.9500 0.72500 -0.40000 2.9000 0.72500 -0.40000 0.00012500 0.050000
239  2.9000 0.77500 -0.35000 2.9500 0.77500 -0.35000 2.9500 0.72500 -0.35000 2.9000 0.72500 -0.35000 0.00012500 0.050000
240  2.9000 0.77500 -0.30000 2.9500 0.77500 -0.30000 2.9500 0.72500 -0.30000 2.9000 0.72500 -0.30000 0.00012500 0.050000
241  2.9000 0.77500 -0.25000 2.9500 0.77500 -0.25000 2.9500 0.72500 -0.25000 2.9000 0.72500 -0.25000 0.00012500 0.050000
242  2.9000 0.77500 -0.20000 2.9500 0.77500 -0.20000 2.9500 0.72500 -0.20000 2.9000 0.72500 -0.20000 0.00012500 0.050000
243  2.9000 0.77500 -0.15000 2.9500 0.77500 -0.15000 2.9500 0.72500 -0.15000 2.9000 0.72500 -0.15000 0.00012500 0.050000
244  2.9000 0.77500 -0.10000 2.9500 0.77500 -0.10000 2.9500 0.72500 -0.10000 2.9000 0.72500 -0.10000 0.00012500 0.050000
245  2.9000 0.77500 -0.050000 2.9500 0.77500 -0.050000 2.9500 0.72500 -0.050000 2.9000 0.72500 -0.050000 0.00012500 0.050000
246  2.9000 0.77500 0.0000 2.9500 0.77500 0.0000 2.9500 0.72500 0.0000 2.9000 0.72500 0.0000 0.00012500 0.050000
247  2.9000 0.77500 0.050000 2.9500 0.77500 0.050000 2.9500 0.72500 0.050000 2.9000 0.72500 0.050000 0.00012500 0.050000
248  2.9000 0.77500 0.10000 2.9500 0.77500 0.10000 2.9500 0.72500 0.10000 2.9000 0.72500 0.10000 0.00012500 0.050000
249  2.9000 0.77500 0.15000 2.9500 0.77500 0.15000 2.9500 0.72500 0.15000 2.9000 0.72500 0.15000 0.00012500 0.050000
250  2.9000 0.77500 0.20000 2.9500 0.77500 0.20000 2.9500 0.72500 0.20000 2.9000 0.72500 0.20000 0.00012500 0.050000
251  2.9000 0.77500 0.25000 2.9500 0.77500 0.25000 2.9500 0.72500 0.25000 2.9000 0.72500 0.25000 0.00012500 0.050000
252  2.9000 0.77500 0.30000 2.9500 0.77500 0.30000 2.9500 0.72500 0.30000 2.9000 0.72500 0.30000 0.00012500 0.050000
253  2.9000 0.77500 0.35000 2.9500 0.77500 0.35000 2.9500 0.72500 0.35000 2.9000 0.72500 0.35000 0.00012500 0.050000
254  2.9000 0.77500 0.40000 2.9500 0.77500 0.40000 2.9500 0.72500 0.40000 2.9000 0.72500 0.40000 0.00012500 0.050000
255  2.9000 0.72500 -0.35000 2.9500 0.72500 -0.35000 2.9500 0.67500 -0.35000 2.9000 0.67500 -0.35000 0.00012500 0.050000
256  2.9000 0.72500 -0.30000 2.9500 0.72500 -0.30000 2.9500 0.67500 -0.30000 2.9000 0.67500 -0.30000 0.00012500 0.050000
257  2.9000 0.72500 -0.25000 2.9500 0.72500 -0.25000 2.9500 0.67500 -0.25000 2.9000 0.67500 -0.25000 0.00012500 0.050000
258  2.9000 0.72500 -0.20000 2.9500 0.72500 -0.20000 2.9500 0.67500 -0.20000 2.9000 0.67500 -0.20000 0.00012500 0.050000
259  2.9000 0.72500 -0.15000 2.9500 0.72500 -0.15000 2.9500 0.67500 -0.15000 2.9000 0.67500 -0.15000 0.00012500 0.050000
260  2.9000 0.72500 -0.10000 2.9500 0.72500 -0.10000 2.9500 0.67500 -0.10000 2.9000 0.67500 -0.10000 0.00012500 0.050000
261  2.9000 0.72500 -0.050000 2.9500 0.72500 -0.050000 2.9500 0.67500 -0.050000 2.9000 0.67500 -0.050000 0.00012500 0.050000
262  2.9000 0.72500 0.0000 2.9500 0.72500 0.0000 2.9500 0.67500 0.0000 2.9000 0.67500 0.0000 0.00012500 0.050000
263  2.9000 0.72500 0.050000 2.9500 0.72500 0.050000 2.9500 0.67500 0.050000 2.9000 0.67500 0.050000 0.00012500 0.050000
264  2.9000 0.72500 0.10000 2.9500 0.72500 0.10000 2.9500 0.67500 0.10000 2.9000 0.67500 0.10000 0.00012500 0.050000
265  2.9000 0.72500 0.15000 2.9500 0.72500 0.15000 2.9500 0.67500 0.15000 2.9000 0.67500 0.15000 0.00012500 0.050000
266  2.9000 0.72500 0.20000 2.9500 0.72500 0.20000 2.9500 0.67500 0.20000 2.9000 0.67500 0.20000 0.00012500 0.050000
267  2.9000 0.72500 0.25000 2.9500 0.72500 0.25000 2.9500 0.67500 0.25000 2.9000 0.67500 0.25000 0.00012500 0.050000
268  2.9000 0.72500 0.30000 2.9500 0.72500 0.30000 2.9500 0.67500 0.30000 2.9000 0.67500 0.30000 0.00012500 0.050000
269  2.9000 0.72500 0.35000 2.9500 0.72500 0.35000 2.9500 0.67500 0.35000 2.9000 0.67500 0.35000 0.00012500 0.050000
270  2.9000 0.67500 -0.35000 2.9500 0.67500 -0.35000 2.9500 0.62500 -0.35000 2.9000 0.62500 -0.35000 0.00012500 0.050000
271  2.9000 0.67500 -0.30000 2.9500 0.67500 -0.30000 2.9500 0.62500 -0.30000 2.9000 0.62500 -0.30000 0.00012500 0.050000
272  2.9000 0.67500 -0.25000 2.9500 0.67500 -0.25000 2.9500 0.62500 -0.25000 2.9000 0.62500 -0.25000 0.00012500 0.050000
273  2.9000 0.67500 -0.20000 2.9500 0.67500 -0.20000 2.9500 0.62500 -0.20000 2.9000 0.62500 -0.20000 0.00012500 0.050000
274  2.9000 0.67500 -0.15000 2.9500 0.67500 -0.15000 2.9500 0.62500 -0.15000 2.9000 0.62500 -0.15000 0.00012500 0.050000
275  2.9000 0.67500 -0.10000 2.9500 0.67500 -0.10000 2.9500 0.62500 -0.10000 2.9000 0.62500 -0.10000 0.00012500 0.050000
276  2.9000 0.67500 -0.050000 2.9500 0.67500 -0.050000 2.9500 0.62500 -0.050000 2.9000 0.62500 -0.050000 0.00012500 0.050000
277  2.9000 0.67500 0.0000 2.9500 0.67500 0.0000 2.9500 0.62500 0.0000 2.9000 0.62500 0.0000 0.00012500 0.050000
278  2.9000 0.67500 0.050000 2.9500 0.67500 0.050000 2.9500 0.62500 0.050000 2.9000 0.62500 0.050000 0.00012500 0.050000
279  2.9000 0.67500 0.10000 2.9500 0.67500 0.10000 2.9500 0.62500 0.10000 2.9000 0.62500 0.10000 0.00012500 0.050000
280  2.9000 0.67500 0.15000 2.9500 0.67500 0.15000 2.9500 0.62500 0.15000 2.9000 0.62500 0.15000 0.00012500 0.050000
281  2.9000 0.67500 0.20000 2.9500 0.67500 0.20000 2.9500 0.62500 0.20000 2.9000 0.62500 0.20000 0.00012500 0.050000
282  2.9000 0.67500 0.25000 2.9500 0.67500 0.25000 2.9500 0.62500 0.25000 2.9000 0.62500 0.25000 0.00012500 0.050000
283  2.9000 0.67500 0.30000 2.9500 0.67500 0.30000 2.9500 0.62500 0.30000 2.9000 0.62500 0.30000 0.00012500 0.050000
284  2.9000 0.67500 0.35000 2.9500 0.67500 0.35000 2.9500 0.62500 0.35000 2.9000 0.62500 0.35000 0.00012500 0.050000
285  2.9000 0.62500 -0.25000 2.9500 0.62500 -0.25000 2.9500 0.57500 -0.25000 2.9000 0.57500 -0.25000 0.00012500 0.050000
286  2.9000 0.62500 -0.20000 2.9500 0.62500 -0.20000 2.9500 0.57500 -0.20000 2.9000 0.57500 -0.20000 0.00012500 0.050000
287  2.9000 0.62500 -0.15000 2.9500 0.62500 -0.15000 2.9500 0.57500 -0.15000 2.9000 0.57500 -0.15000 0.00012500 0.050000
288  2.9000 0.62500 -0.10000 2.9500 0.62500 -0.10000 2.9500 0.57500 -0.10000 2.9000 0.57500 -0.10000 0.00012500 0.050000
289  2.9000 0.62500 -0.050000 2.9500 0.62500 -0.050000 2.9500 0.57500 -0.050000 2.9000 0.57500 -0.050000 0.00012500 0.050000
290  2.9000 0.62500 0.0000 2.9500 0.62500 0.0000 2.9500 0.57500 0.0000 2.9000 0.57500 0.0000 0.00012500 0.050000
291  2.9000 0.62500 0.050000 2.9500 0.62500 0.050000 2.9500 0.57500 0.050000 2.9000 0.57500 0.050000 0.00012500 0.050000
292  2.9000 0.62500 0.10000 2.9500 0.62500 0.10000 2.9500 0.57500 0.10000 2.9000 0.57500 0.10000 0.00012500 0.050000
293  2.9000 0.62500 0.15000 2.9500 0.62500 0.15000 2.9500 0.57500 0.15000 2.9000 0.57500 0.15000 0.00012500 0.050000
294  2.9000 0.62500 0.20000 2.9500 0.62500 0.20000 2.9500 0.57500 0.20000 2.9000 0.57500 0.20000 0.00012500 0.050000
295  2.9000 0.62500 0.25000 2.9500 0.62500 0.25000 2.9500 0.57500 0.25000 2.9000 0.57500 0.25000 0.00012500 0.050000
296  2.9000 0.57500 -0.20000 2.9500 0.57500 -0.20000 2.9500 0.52500 -0.20000 2.9000 0.52500 -0.20000 0.00012500 0.050000
297  2.9000 0.57500 -0.15000 2.9500 0.57500 -0.15000 2.9500 0.52500 -0.15000 2.9000 0.52500 -0.15000 0.00012500 0.050000
298  2.9000 0.57500 -0.10000 2.9500 0.57500 -0.10000 2.9500 0.52500 -0.10000 2.9000 0.52500 -0.10000 0.00012500 0.050000
299  2.9000 0.57500 -0.050000 2.9500 0.57500 -0.050000 2.9500 0.52500 -0.050000 2.9000 0.52500 -0.050000 0.00012500 0.050000
300  2.9000 0.57500 0.0000 2.9500 0.57500 0.0000 2.9500 0.52500 0.0000 2.9000 0.52500 0.0000 0.00012500 0.050000
301  2.9000 0.57500 0.050000 2.9500 0.57500 0.050000 2.9500 0.52500 0.050000 2.9000 0.52500 0.050000 0.00012500 0.050000
302  2.9000 0.57500 0.10000 2.9500 0.57500 0.10000 2.9500 0.52500 0.10000 2.9000 0.52500 0.10000 0.00012500 0.050000
303  2.9000 0.57500 0.15000 2.9500 0.57500 0.15000 2.9500 0.52500 0.15000 2.9000 0.52500 0.15000 0.00012500 0.050000
304  2.9000 0.57500 0.20000 2.9500 0.57500 0.20000 2.9500 0.52500 0.20000 2.9000 0.52500 0.20000 0.00012500 0.050000
305  2.9500 1.4750 -0.20000 3.0000 1.4750 -0.20000 3.0000 1.4250 -0.20000 2.9500 1.4250 -0.20000 0.00012500 0.050000
306  2.9500 1.4750 -0.15000 3.0000 1.4750 -0.15000 3.0000 1.4250 -0.15000 2.9500 1.4250 -0.15000 0.00012500 0.050000
307  2.9500 1.4750 -0.10000 3.0000 1.4750 -0.10000 3.0000 1.4250 -0.10000 2.9500 1.4250 -0.10000 0.00012500 0.050000
308  2.9500 1.4750 -0.050000 3.0000 1.4750 -0.050000 3.0000 1.4250 -0.050000 2.9500 1.4250 -0.050000 0.00012500 0.050000
309  2.9500 1.4750 0.0000 3.0000 1.4750 0.0000 3.0000 1.4250 0.0000 2.9500 1.4250 0.0000 0.00012500 0.050000
310  2.9500 1.4750 0.050000 3.0000 1.4750 0.050000 3.0000 1.4250 0.050000 2.9500 1.4250 0.050000 0.00012500 0.050000
311  2.9500 1.4750 0.10000 3.0000 1.4750 0.10000 3.0000 1.4250 0.10000 2.9500 1.4250 0.10000 0.00012500 0.050000
312  2.9500 1.4750 0.15000 3.0000 1.4750 0.15000 3.0000 1.4250 0.15000 2.9500 1.4250 0.15000 0.00012500 0.050000
313  2.9500 1.4750 0.20000 3.0000 1.4750 0.20000 3.0000 1.4250 0.20000 2.9500 1.4250 0.20000 0.00012500 0.050000
314  2.9500 1.4250 -0.25000 3.0000 1.4250 -0.25000 3.0000 1.3750 -0.25000 2.9500 1.3750 -0.25000 0.00012500 0.050000
315  2.9500 1.4250 -0.20000 3.0000 1.4250 -0.20000 3.0000 1.3750 -0.20000 2.9500 1.3750 -0.20000 0.00012500 0.050000
316  2.9500 1.4250 -0.15000 3.0000 1.4250 -0.15000 3.0000 1.3750 -0.15000 2.9500 1.3750 -0.15000 0.00012500 0.050000
317  2.9500 1.4250 -0.10000 3.0000 1.4250 -0.10000 3.0000 1.3750 -0.10000 2.9500 1.3750 -0.10000 0.00012500 0.050000
318  2.9500 1.4250 -0.050000 3.0000 1.4250 -0.050000 3.0000 1.3750 -0.050000 2.9500 1.3750 -0.050000 0.00012500 0.050000
319  2.9500 1.4250 0.0000 3.0000 1.4250 0.0000 3.0000 1.3750 0.0000 2.9500 1.3750 0.0000 0.00012500 0.050000
320  2.9500 1.4250 0.050000 3.0000 1.4250 0.050000 3.0000 1.3750 0.050000 2.9500 1.3750 0.050000 0.00012500 0.050000
321  2.9500 1.4250 0.10000 3.0000 1.4250 0.10000 3.0000 1.3750 0.10000 2.9500 1.3750 0.10000 0.00012500 0.050000
322  2.9500 1.4250 0.15000 3.0000 1.4250 0.15000 3.0000 1.3750 0.15000 2.9500 1.3750 0.15000 0.00012500 0.050000
323  2.9500 1.4250 0.20000 3.0000 1.4250 0.20000 3.0000 1.3750 0.20000 2.9500 1.3750 0.20000 0.00012500 0.050000
324  2.9500 1.4250 0.25000 3.0000 1.4250 0.25000 3.0000 1.3750 0.25000 2.9500 1.3750 0.25000 0.00012500 0.050000
325  2.9500 1.3750 -0.35000 3.0000 1.3750 -0.35000 3.0000 1.3250 -0.35000 2.9500 1.3250 -0.35000 0.00012500 0.050000
326  2.9500 1.3750 -0.30000 3.0000 1.3750 -0.30000 3.0000 1.3250 -0.30000 2.9500 1.3250 -0.30000 0.00012500 0.050000
327  2.9500 1.3750 -0.25000 3.0000 1.3750 -0.25000 3.0000 1.3250 -0.25000 2.9500 1.3250 -0.25000 0.00012500 0.050000
328  2.9500 1.3750 -0.20000 3.0000 1.3750 -0.20000 3.0000 1.3250 -0.20000 2.9500 1.3250 -0.20000 0.00012500 0.050000
329  2.9500 1.3750 -0.15000 3.0000 1.3750 -0.15000 3.0000 1.3250 -0.15000 2.9500 1.3250 -0.15000 0.00012500 0.050000
330  2.9500 1.3750 -0.10000 3.0000 1.3750 -0.10000 3.0000 1.3250 -0.10000 2.9500 1.3250 -0.10000 0.00012500 0.050000
331  2.9500 1.3750 -0.050000 3.0000 1.3750 -0.050000 3.0000 1.3250 -0.050000 2.9500 1.3250 -0.050000 0.00012500 0.050000
332  2.9500 1.3750 0.0000 3.0000 1.3750 0.0000 3.0000 1.3250 0.0000 2.9500 1.3250 0.0000 0.00012500 0.050000
333  2.9500 1.3750 0.050000 3.0000 1.3750 0.050000 3.0000 1.3250 0.050000 2.9500 1.3250 0.050000 0.00012500 0.050000
334  2.9500 1.3750 0.10000 3.0000 1.3750 0.10000 3.0000 1.3250 0.10000 2.9500 1.3250 0.10000 0.00012500 0.050000
335  2.9500 1.3750 0.15000 3.0000 1.3750 0.15000 3.0000 1.3250 0.15000 2.9500 1.3250 0.15000 0.00012500 0.050000
336  2.9500 1.3750 0.20000 3.0000 1.3750 0.20000 3.0000 1.3250 0.20000 2.9500 1.3250 0.20000 0.00012500 0.050000
337  2.9500 1.3750 0.25000 3.0000 1.3750 0.25000 3.0000 1.3250 0.25000 2.9500 1.3250 0.25000 0.00012500 0.050000
338  2.9500 1.3750 0.30000 3.0000 1.3750 0.30000 3.0000 1.3250 0.30000 2.9500 1.3250 0.30000 0.00012500 0.050000
339  2.9500 1.3750 0.35000 3.0000 1.3750 0.35000 3.0000 1.3250 0.35000 2.9500 1.3250 0.35000 0.00012500 0.050000
340  2.9500 1.3250 -0.35000 3.0000 1.3250 -0.35000 3.0000 1.2750 -0.35000 2.9500 1.2750 -0.35000 0.00012500 0.050000
341  2.9500 1.3250 -0.30000 3.0000 1.3250 -0.30000 3.0000 1.2750 -0.30000 2.9500 1.2750 -0.30000 0.00012500 0.050000
342  2.9500 1.3250 -0.25000 3.0000 1.3250 -0.25000 3.0000 1.2750 -0.25000 2.9500 1.2750 -0.25000 0.00012500 0.050000
343  2.9500 1.3250 -0.20000 3.0000 1.3250 -0.20000 3.0000 1.2750 -0.20000 2.9500 1.2750 -0.20000 0.00012500 0.050000
344  2.9500 1.3250 -0.15000 3.0000 1.3250 -0.15000 3.0000 1.2750 -0.15000 2.9500 1.2750 -0.15000 0.00012500 0.050000
345  2.9500 1.3250 -0.10000 3.0000 1.3250 -0.10000 3.0000 1.2750 -0.10000 2.9500 1.2750 -0.10000 0.00012500 0.050000
346  2.9500 1.3250 -0.050000 3.0000 1.3250 -0.050000 3.0000 1.2750 -0.050000 2.9500 1.2750 -0.050000 0.00012500 0.050000
347  2.9500 1.3250 0.0000 3.0000 1.3250 0.0000 3.0000 1.2750 0.0000 2.9500 1.2750 0.0000 0.00012500 0.050000
348  2.9500 1.3250 0.050000 3.0000 1.3250 0.050000 3.0000 1.2750 0.050000 2.9500 1.2750 0.050000 0.00012500 0.050000
349  2.9500 1.3250 0.10000 3.0000 1.3250 0.10000 3.0000 1.2750 0.10000 2.9500 1.2750 0.10000 0.00012500 0.050000
350  2.9500 1.3250 0.15000 3.0000 1.3250 0.15000 3.0000 1.2750 0.15000 2.9500 1.2750 0.15000 0.00012500 0.050000
351  2.9500 1.3250 0.20000 3.0000 1.3250 0.20000 3.0000 1.2750 0.20000 2.9500 1.2750 0.20000 0.00012500 0.050000
352  2.9500 1.3250 0.25000 3.0000 1.3250 0.25000 3.0000 1.2750 0.25000 2.9500 1.2750 0.25000 0.00012500 0.050000
353  2.9500 1.3250 0.30000 3.0000 1.3250 0.30000 3.0000 1.2750 0.30000 2.9500 1.2750 0.30000 0.00012500 0.050000
354  2.9500 1.3250 0.35000 3.0000 1.3250 0.35000 3.0000 1.2750 0.35000 2.9500 1.2750 0.35000 0.00012500 0.050000
355  2.9500 1.2750 -0.40000 3.0000 1.2750 -0.40000 3.0000 1.2250 -0.40000 2.9500 1.2250 -0.40000 0.00012500 0.050000
356  2.9500 1.2750 -0.35000 3.0000 1.2750 -0.35000 3.0000 1.2250 -0.35000 2.9500 1.2250 -0.35000 0.00012500 0.050000
357  2.9500 1.2750 -0.30000 3.0000 1.2750 -0.30000 3.0000 1.2250 -0.30000 2.9500 1.2250 -0.30000 0.00012500 0.050000
358  2.9500 1.2750 -0.25000 3.0000 1.2750 -0.25000 3.0000 1.2250 -0.25000 2.9500 1.2250 -0.25000 0.00012500 0.050000
359  2.9500 1.2750 -0.20000 3.0000 1.2750 -0.20000 3.0000 1.2250 -0.20000 2.9500 1.2250 -0.20000 0.00012500 0.050000
360  2.9500 1.2750 -0.15000 3.0000 1.2750 -0.15000 3.0000 1.2250 -0.15000 2.9500 1.2250 -0.15000 0.00012500 0.050000
361  2.9500 1.2750 -0.10000 3.0000 1.2750 -0.10000 3.0000 1.2250 -0.10000 2.9500 1.2250 -0.10000 0.00012500 0.050000
362  2.9500 1.2750 -0.050000 3.0000 1.2750 -0.050000 3.0000 1.2250 -0.050000 2.9500 1.2250 -0.050000 0.00012500 0.050000
363  2.9500 1.2750 0.0000 3.0000 1.2750 0.0000 3.0000 1.2250 0.0000 2.9500 1.2250 0.0000 0.00012500 0.050000
364  2.9500 1.2750 0.050000 3.0000 1.2750 0.050000 3.0000 1.2250 0.050000 2.9500 1.2250 0.050000 0.00012500 0.050000
365  2.9500 1.2750 0.10000 3.0000 1.2750 0.10000 3.0000 1.2250 0.10000 2.9500 1.2250 0.10000 0.00012500 0.050000
366  2.9500 1.2750 0.15000 3.0000 1.2750 0.15000 3.0000 1.2250 0.15000 2.9500 1.2250 0.15000 0.00012500 0.050000
367  2.9500 1.2750 0.20000 3.0000 1.2750 0.20000 3.0000 1.2250 0.20000 2.9500 1.2250 0.20000 0.00012500 0.050000
368  2.9500 1.2750 0.25000 3.0000 1.2750 0.25000 3.0000 1.2250 0.25000 2.9500 1.2250 0.25000 0.00012500 0.050000
369  2.9500 1.2750 0.30000 3.0000 1.2750 0.30000 3.0000 1.2250 0.30000 2.9500 1.2250 0.30000 0.00012500 0.050000
370  2.9500 1.2750 0.35000 3.0000 1.2750 0.35000 3.0000 1.2250 0.35000 2.9500 1.2250 0.35000 0.00012500 0.050000
371  2.9500 1.2750 0.40000 3.0000 1.2750 0.40000 3.0000 1.2250 0.40000 2.9500 1.2250 0.40000 0.00012500 0.050000
372  2.9500 1.2250 -0.45000 3.0000 1.2250 -0.45000 3.0000 1.1750 -0.45000 2.9500 1.1750 -0.45000 0.00012500 0.050000
373  2.9500 1.2250 -0.40000 3.0000 1.2250 -0.40000 3.0000 1.1750 -0.40000 2.9500 1.1750 -0.40000 0.00012500 0.050000
374  2.9500 1.2250 -0.35000 3.0000 1.2250 -0.35000 3.0000 1.1750 -0.35000 2.9500 1.1750 -0.35000 0.00012500 0.050000
375  2.9500 1.2250 -0.30000 3.0000 1.2250 -0.30000 3.0000 1.1750 -0.30000 2.9500 1.1750 -0.30000 0.00012500 0.050000
376  2.9500 1.2250 -0.25000 3.0000 1.2250 -0.25000 3.0000 1.1750 -0.25000 2.9500 1.1750 -0.25000 0.00012500 0.050000
377  2.9500 1.2250 -0.20000 3.0000 1.2250 -0.20000 3.0000 1.1750 -0.20000 2.9500 1.1750 -0.20000 0.00012500 0.050000
378  2.9500 1.2250 -0.15000 3.0000 1.2250 -0.15000 3.0000 1.1750 -0.15000 2.9500 1.1750 -0.15000 0.00012500 0.050000
379  2.9500 1.2250 -0.10000 3.0000 1.2250 -0.10000 3.0000 1.1750 -0.10000 2.9500 1.1750 -0.10000 0.00012500 0.050000
380  2.9500 1.2250 -0.050000 3.0000 1.2250 -0.050000 3.0000 1.1750 -0.050000 2.9500 1.1750 -0.050000 0.00012500 0.050000
381  2.9500 1.2250 0.0000 3.0000 1.2250 0.0000 3.0000 1.1750 0.0000 2.9500 1.1750 0.0000 0.00012500 0.050000
382  2.9500 1.2250 0.050000 3.0000 1.2250 0.050000 3.0000 1.1750 0.050000 2.9500 1.1750 0.050000 0.00012500 0.050000
383  2.9500 1.2250 0.10000 3.0000 1.2250 0.10000 3.0000 1.1750 0.10000 2.9500 1.1750 0.10000 0.00012500 0.050000
384  2.9500 1.2250 0.15000 3.0000 1.2250 0.15000 3.0000 1.1750 0.15000 2.9500 1.1750 0.15000 0.00012500 0.050000
385  2.9500 1.2250 0.20000 3.0000 1.2250 0.20000 3.0000 1.1750 0.20000 2.9500 1.1750 0.20000 0.00012500 0.050000
386  2.9500 1.2250 0.25000 3.0000 1.2250 0.25000 3.0000 1.1750 0.25000 2.9500 1.1750 0.25000 0.00012500 0.050000
387  2.9500 1.2250 0.30000 3.0000 1.2250 0.30000 3.0000 1.1750 0.30000 2.9500 1.1750 0.30000 0.00012500 0.050000
388  2.9500 1.2250 0.35000 3.0000 1.2250 0.35000 3.0000 1.1750 0.35000 2.9500 1.1750 0.35000 0.00012500 0.050000
389  2.9500 1.2250 0.40000 3.0000 1.2250 0.40000 3.0000 1.1750 0.40000 2.9500 1.1750 0.40000 0.00012500 0.050000
390  2.9500 1.2250 0.45000 3.0000 1.2250 0.45000 3.0000 1.1750 0.45000 2.9500 1.1750 0.45000 0.00012500 0.050000
391  2.9500 1.1750 -0.45000 3.0000 1.1750 -0.45000 3.0000 1.1250 -0.45000 2.9500 1.1250 -0.45000 0.00012500 0.050000
392  2.9500 1.1750 -0.40000 3.0000 1.1750 -0.40000 3.0000 1.1250 -0.40000 2.9500 1.1250 -0.40000 0.00012500 0.050000
393  2.9500 1.1750 -0.35000 3.0000 1.1750 -0.35000 3.0000 1.1250 -0.35000 2.9500 1.1250 -0.35000 0.00012500 0.050000
394  2.9500 1.1750 -0.30000 3.0000 1.1750 -0.30000 3.0000 1.1250 -0.30000 2.9500 1.1250 -0.30000 0.00012500 0.050000
395  2.9500 1.1750 -0.25000 3.0000 1.1750 -0.25000 3.0000 1.1250 -0.25000 2.9500 1.1250 -0.25000 0.00012500 0.050000
396  2.9500 1.1750 -0.20000 3.0000 1.1750 -0.20000 3.0000 1.1250 -0.20000 2.9500 1.1250 -0.20000 0.00012500 0.050000
397  2.9500 1.1750 -0.15000 3.0000 1.1750 -0.15000 3.0000 1.1250 -0.15000 2.9500 1.1250 -0.15000 0.00012500 0.050000
398  2.9500 1.1750 -0.10000 3.0000 1.1750 -0.10000 3.0000 1.1250 -0.10000 2.9500 1.1250 -0.10000 0.00012500 0.050000
399  2.9500 1.1750 -0.050000 3.0000 1.1750 -0.050000 3.0000 1.1250 -0.050000 2.9500 1.1250 -0.050000 0.00012500 0.050000
400  2.9500 1.1750 0.0000 3.0000 1.1750 0.0000 3.0000 1.1250 0.0000 2.9500 1.1250 0.0000 0.00012500 0.050000
401  2.9500 1.1750 0.050000 3.0000 1.1750 0.050000 3.0000 1.1250 0.050000 2.9500 1.1250 0.050000 0.00012500 0.050000
402  2.9500 1.1750 0.10000 3.0000 1.1750 0.10000 3.0000 1.1250 0.10000 2.9500 1.1250 0.10000 0.00012500 0.050000
403  2.9500 1.1750 0.15000 3.0000 1.1750 0.15000 3.0000 1.1250 0.15000 2.9500 1.1250 0.15000 0.00012500 0.050000
404  2.9500 1.1750 0.20000 3.0000 1.1750 0.20000 3.0000 1.1250 0.20000 2.9500 1.1250 0.20000 0.00012500 0.050000
405  2.9500 1.1750 0.25000 3.0000 1.1750 0.25000 3.0000 1.1250 0.25000 2.9500 1.1250 0.25000 0.00012500 0.050000
406  2.9500 1.1750 0.30000 3.0000 1.1750 0.30000 3.0000 1.1250 0.30000 2.9500 1.1250 0.30000 0.00012500 0.050000
407  2.9500 1.1750 0.35000 3.0000 1.1750 0.35000 3.0000 1.1250 0.35000 2.9500 1.1250 0.35000 0.00012500 0.050000
408  2.9500 1.1750 0.40000 3.0000 1.1750 0.40000 3.0000 1.1250 0.40000 2.9500 1.1250 0.40000 0.00012500 0.050000
409  2.9500 1.1750 0.45000 3.0000 1.1750 0.45000 3.0000 1.1250 0.45000 2.9500 1.1250 0.45000 0.00012500 0.050000
410  2.9500 1.1250 -0.45000 3.0000 1.1250 -0.45000 3.0000 1.0750 -0.45000 2.9500 1.0750 -0.45000 0.00012500 0.050000
411  2.9500 1.1250 -0.40000 3.0000 1.1250 -0.40000 3.0000 1.0750 -0.40000 2.9500 1.0750 -0.40000 0.00012500 0.050000
412  2.9500 1.1250 -0.35000 3.0000 1.1250 -0.35000 3.0000 1.0750 -0.35000 2.9500 1.0750 -0.35000 0.00012500 0.050000
413  2.9500 1.1250 -0.30000 3.0000 1.1250 -0.30000 3.0000 1.0750 -0.30000 2.9500 1.0750 -0.30000 0.00012500 0.050000
414  2.9500 1.1250 -0.25000 3.0000 1.1250 -0.25000 3.0000 1.0750 -0.25000 2.9500 1.0750 -0.25000 0.00012500 0.050000
415  2.9500 1.1250 -0.20000 3.0000 1.1250 -0.20000 3.0000 1.0750 -0.20000 2.9500 1.0750 -0.20000 0.00012500 0.050000
416  2.9500 1.1250 -0.15000 3.0000 1.1250 -0.15000 3.0000 1.0750 -0.15000 2.9500 1.0750 -0.15000 0.00012500 0.050000
417  2.9500 1.1250 -0.10000 3.0000 1.1250 -0.10000 3.0000 1.0750 -0.10000 2.9500 1.0750 -0.10000 0.00012500 0.050000
418  2.9500 1.1250 -0.050000 3.0000 1.1250 -0.050000 3.0000 1.0750 -0.050000 2.9500 1.0750 -0.050000 0.00012500 0.050000
419  2.9500 1.1250 0.0000 3.0000 1.1250 0.0000 3.0000 1.0750 0.0000 2.9500 1.0750 0.0000 0.00012500 0.050000
420  2.9500 1.1250 0.050000 3.0000 1.1250 0.050000 3.0000 1.0750 0.050000 2.9500 1.0750 0.050000 0.00012500 0.050000
421  2.9500 1.1250 0.10000 3.0000 1.1250 0.10000 3.0000 1.0750 0.10000 2.9500 1.0750 0.10000 0.00012500 0.050000
422  2.9500 1.1250 0.15000 3.0000 1.1250 0.15000 3.0000 1.0750 0.15000 2.9500 1.0750 0.15000 0.00012500 0.050000
423  2.9500 1.1250 0.20000 3.0000 1.1250 0.20000 3.0000 1.0750 0.20000 2.9500 1.0750 0.20000 0.00012500 0.050000
424  2.9500 1.1250 0.25000 3.0000 1.1250 0.25000 3.0000 1.0750 0.25000 2.9500 1.0750 0.25000 0.00012500 0.050000
425  2.9500 1.1250 0.30000 3.0000 1.1250 0.30000 3.0000 1.0750 0.30000 2.9500 1.0750 0.30000 0.00012500 0.050000
426  2.9500 1.1250 0.35000 3.0000 1.1250 0.35000 3.0000 1.0750 0.35000 2.9500 1.0750 0.35000 0.00012500 0.050000
427  2.9500 1.1250 0.40000 3.0000 1.1250 0.40000 3.0000 1.0750 0.40000 2.9500 1.0750 0.40000 0.00012500 0.050000
428  2.9500 1.1250 0.45000 3.0000 1.1250 0.45000 3.0000 1.0750 0.45000 2.9500 1.0750 0.45000 0.00012500 0.050000
429  2.9500 1.0750 -0.45000 3.0000 1.0750 -0.45000 3.0000 1.0250 -0.45000 2.9500 1.0250 -0.45000 0.00012500 0.050000
430  2.9500 1.0750 -0.40000 3.0000 1.0750 -0.40000 3.0000 1.0250 -0.40000 2.9500 1.0250 -0.40000 0.00012500 0.050000
431  2.9500 1.0750 -0.35000 3.0000 1.0750 -0.35000 3.0000 1.0250 -0.35000 2.9500 1.0250 -0.35000 0.00012500 0.050000
432  2.9500 1.0750 -0.30000 3.0000 1.0750 -0.30000 3.0000 1.0250 -0.30000 2.9500 1.0250 -0.30000 0.00012500 0.050000
433  2.9500 1.0750 -0.25000 3.0000 1.0750 -0.25000 3.0000 1.0250 -0.25000 2.9500 1.0250 -0.25000 0.00012500 0.050000
434  2.9500 1.0750 -0.20000 3.0000 1.0750 -0.20000 3.0000 1.0250 -0.20000 2.9500 1.0250 -0.20000 0.00012500 0.050000
435  2.9500 1.0750 -0.15000 3.0000 1.0750 -0.15000 3.0000 1.0250 -0.15000 2.9500 1.0250 -0.15000 0.00012500 0.050000
436  2.9500 1.0750 -0.10000 3.0000 1.0750 -0.10000 3.0000 1.0250 -0.10000 2.9500 1.0250 -0.10000 0.00012500 0.050000
437  2.9500 1.0750 -0.050000 3.0000 1.0750 -0.050000 3.0000 1.0250 -0.050000 2.9500 1.0250 -0.050000 0.00012500 0.050000
438  2.9500 1.0750 0.0000 3.0000 1.0750 0.0000 3.0000 1.0250 0.0000 2.9500 1.0250 0.0000 0.00012500 0.050000
439  2.9500 1.0750 0.050000 3.0000 1.0750 0.050000 3.0000 1.0250 0.050000 2.9500 1.0250 0.050000 0.00012500 0.050000
440  2.9500 1.0750 0.10000 3.0000 1.0750 0.10000 3.0000 1.0250 0.10000 2.9500 1.0250 0.10000 0.00012500 0.050000
441  2.9500 1.0750 0.15000 3.0000 1.0750 0.15000 3.0000 1.0250 0.15000 2.9500 1.0250 0.15000 0.00012500 0.050000
442  2.9500 1.0750 0.20000 3.0000 1.0750 0.20000 3.0000 1.0250 0.20000 2.9500 1.0250 0.20000 0.00012500 0.050000
443  2.9500 1.0750 0.25000 3.0000 1.0750 0.25000 3.0000 1.0250 0.25000 2.9500 1.0250 0.25000 0.00012500 0.050000
444  2.9500 1.0750 0.30000 3.0000 1.0750 0.30000 3.0000 1.0250 0.30000 2.9500 1.0250 0.30000 0.00012500 0.050000
445  2.9500 1.0750 0.35000 3.0000 1.0750 0.35000 3.0000 1.0250 0.35000 2.9500 1.0250 0.35000 0.00012500 0.050000
446  2.9500 1.0750 0.40000 3.0000 1.0750 0.40000 3.0000 1.0250 0.40000 2.9500 1.0250 0.40000 0.00012500 0.050000
447  2.9500 1.0750 0.45000 3.0000 1.0750 0.45000 3.0000 1.0250 0.45000 2.9500 1.0250 0.45000 0.00012500 0.050000
448  2.9500 1.0250 -0.45000 3.0000 1.0250 -0.45000 3.0000 0.97500 -0.45000 2.9500 0.97500 -0.45000 0.00012500 0.050000
449  2.9500 1.0250 -0.40000 3.0000 1.0250 -0.40000 3.0000 0.97500 -0.40000 2.9500 0.97500 -0.40000 0.00012500 0.050000
450  2.9500 1.0250 -0.35000 3.0000 1.0250 -0.35000 3.0000 0.97500 -0.35000 2.9500 0.97500 -0.35000 0.00012500 0.050000
451  2.9500 1.0250 -0.30000 3.0000 1.0250 -0.30000 3.0000 0.97500 -0.30000 2.9500 0.97500 -0.30000 0.00012500 0.050000
452  2.9500 1.0250 -0.25000 3.0000 1.0250 -0.25000 3.0000 0.97500 -0.25000 2.9500 0.97500 -0.25000 0.00012500 0.050000
453  2.9500 1.0250 -0.20000 3.0000 1.0250 -0.20000 3.0000 0.97500 -0.20000 2.9500 0.97500 -0.20000 0.00012500 0.050000
454  2.9500 1.0250 -0.15000 3.0000 1.0250 -0.15000 3.0000 0.97500 -0.15000 2.9500 0.97500 -0.15000 0.00012500 0.050000
455  2.9500 1.0250 -0.10000 3.0000 1.0250 -0.10000 3.0000 0.97500 -0.10000 2.9500 0.97500 -0.10000 0.00012500 0.050000
456  2.9500 1.0250 -0.050000 3.0000 1.0250 -0.050000 3.0000 0.97500 -0.050000 2.9500 0.97500 -0.050000 0.00012500 0.050000
457  2.9500 1.0250 0.0000 3.0000 1.0250 0.0000 3.0000 0.97500 0.0000 2.9500 0.97500 0.0000 0.00012500 0.050000
458  2.9500 1.0250 0.050000 3.0000 1.0250 0.050000 3.0000 0.97500 0.050000 2.9500 0.97500 0.050000 0.00012500 0.050000
459  2.9500 1.0250 0.10000 3.0000 1.0250 0.10000 3.0000 0.97500 0.10000 2.9500 0.97500 0.10000 0.00012500 0.050000
460  2.9500 1.0250 0.15000 3.0000 1.0250 0.15000 3.0000 0.97500 0.15000 2.9500 0.97500 0.15000 0.00012500 0.050000
461  2.9500 1.0250 0.20000 3.0000 1.0250 0.20000 3.0000 0.97500 0.20000 2.9500 0.97500 0.20000 0.00012500 0.050000
462  2.9500 1.0250 0.25000 3.0000 1.0250 0.25000 3.0000 0.97500 0.25000 2.9500 0.97500 0.25000 0.00012500 0.050000
463  2.9500 1.0250 0.30000 3.0000 1.0250 0.30000 3.0000 0.97500 0.30000 2.9500 0.97500 0.30000 0.00012500 0.050000
464  2.9500 1.0250 0.35000 3.0000 1.0250 0.35000 3.0000 0.97500 0.35000 2.9500 0.97500 0.35000 0.00012500 0.050000
465  2.9500 1.0250 0.40000 3.0000 1.0250 0.40000 3.0000 0.97500 0.40000 2.9500 0.97500 0.40000 0.00012500 0.050000
466  2.9500 1.0250 0.45000 3.0000 1.0250 0.45000 3.0000 0.97500 0.45000 2.9500 0.97500 0.45000 0.00012500 0.050000
467  2.9500 0.97500 -0.45000 3.0000 0.97500 -0.45000 3.0000 0.92500 -0.45000 2.9500 0.92500 -0.45000 0.00012500 0.050000
468  2.9500 0.97500 -0.40000 3.0000 0.97500 -0.40000 3.0000 0.92500 -0.40000 2.9500 0.92500 -0.40000 0.00012500 0.050000
469  2.9500 0.97500 -0.35000 3.0000 0.97500 -0.35000 3.0000 0.92500 -0.35000 2.9500 0.92500 -0.35000 0.00012500 0.050000
470  2.9500 0.97500 -0.30000 3.0000 0.97500 -0.30000 3.0000 0.92500 -0.30000 2.9500 0.92500 -0.30000 0.00012500 0.050000
471  2.9500 0.97500 -0.25000 3.0000 0.97500 -0.25000 3.0000 0.92500 -0.25000 2.9500 0.92500 -0.25000 0.00012500 0.050000
472  2.9500 0.97500 -0.20000 3.0000 0.97500 -0.20000 3.0000 0.92500 -0.20000 2.9500 0.92500 -0.20000 0.00012500 0.050000
473  2.9500 0.97500 -0.15000 3.0000 0.97500 -0.15000 3.0000 0.92500 -0.15000 2.9500 0.92500 -0.15000 0.00012500 0.050000
474  2.9500 0.97500 -0.10000 3.0000 0.97500 -0.10000 3.0000 0.92500 -0.10000 2.9500 0.92500 -0.10000 0.00012500 0.050000
475  2.9500 0.97500 -0.050000 3.0000 0.97500 -0.050000 3.0000 0.92500 -0.050000 2.9500 0.92500 -0.050000 0.00012500 0.050000
476  2.9500 0.97500 0.0000 3.0000 0.97500 0.0000 3.0000 0.92500 0.0000 2.9500 0.92500 0.0000 0.00012500 0.050000
477  2.9500 0.97500 0.050000 3.0000 0.97500 0.050000 3.0000 0.92500 0.050000 2.9500 0.92500 0.050000 0.00012500 0.050000
478  2.9500 0.97500 0.10000 3.0000 0.97500 0.10000 3.0000 0.92500 0.10000 2.9500 0.92500 0.10000 0.00012500 0.050000
479  2.9500 0.97500 0.15000 3.0000 0.97500 0.15000 3.0000 0.92500 0.15000 2.9500 0.92500 0.15000 0.00012500 0.050000
480  2.9500 0.97500 0.20000 3.0000 0.97500 0.20000 3.0000 0.92500 0.20000 2.9500 0.92500 0.20000 0.00012500 0.050000
481  2.9500 0.97500 0.25000 3.0000 0.97500 0.25000 3.0000 0.92500 0.25000 2.9500 0.92500 0.25000 0.00012500 0.050000
482  2.9500 0.97500 0.30000 3.0000 0.97500 0.30000 3.0000 0.92500 0.30000 2.9500 0.92500 0.30000 0.00012500 0.050000
483  2.9500 0.97500 0.35000 3.0000 0.97500 0.35000 3.0000 0.92500 0.35000 2.9500 0.92500 0.35000 0.00012500 0.050000
484  2.9500 0.97500 0.40000 3.0000 0.97500 0.40000 3.0000 0.92500 0.40000 2.9500 0.92500 0.40000 0.00012500 0.050000
485  2.9500 0.97500 0.45000 3.0000 0.97500 0.45000 3.0000 0.92500 0.45000 2.9500 0.92500 0.45000 0.00012500 0.050000
486  2.9500 0.92500 -0.45000 3.0000 0.92500 -0.45000 3.0000 0.87500 -0.45000 2.9500 0.87500 -0.45000 0.00012500 0.050000
487  2.9500 0.92500 -0.40000 3.0000 0.92500 -0.40000 3.0000 0.87500 -0.40000 2.9500 0.87500 -0.40000 0.00012500 0.050000
488  2.9500 0.92500 -0.35000 3.0000 0.92500 -0.35000 3.0000 0.87500 -0.35000 2.9500 0.87500 -0.35000 0.00012500 0.050000
489  2.9500 0.92500 -0.30000 3.0000 0.92500 -0.30000 3.0000 0.87500 -0.30000 2.9500 0.87500 -0.30000 0.00012500 0.050000
490  2.9500 0.92500 -0.25000 3.0000 0.92500 -0.25000 3.0000 0.87500 -0.25000 2.9500 0.87500 -0.25000 0.00012500 0.050000
491  2.9500 0.92500 -0.20000 3.0000 0.92500 -0.20000 3.0000 0.87500 -0.20000 2.9500 0.87500 -0.20000 0.00012500 0.050000
492  2.9500 0.92500 -0.15000 3.0000 0.92500 -0.15000 3.0000 0.87500 -0.15000 2.9500 0.87500 -0.15000 0.00012500 0.050000
493  2.9500 0.92500 -0.10000 3.0000 0.92500 -0.10000 3.0000 0.87500 -0.10000 2.9500 0.87500 -0.10000 0.00012500 0.050000
494  2.9500 0.92500 -0.050000 3.0000 0.92500 -0.050000 3.0000 0.87500 -0.050000 2.9500 0.87500 -0.050000 0.00012500 0.050000
495  2.9500 0.92500 0.0000 3.0000 0.92500 0.0000 3.0000 0.87500 0.0000 2.9500 0.87500 0.0000 0.00012500 0.050000
496  2.9500 0.92500 0.050000 3.0000 0.92500 0.050000 3.0000 0.87500 0.050000 2.9500 0.87500 0.050000 0.00012500 0.050000
497  2.9500 0.92500 0.10000 3.0000 0.92500 0.10000 3.0000 0.87500 0.10000 2.9500 0.87500 0.10000 0.00012500 0.050000
498  2.9500 0.92500 0.15000 3.0000 0.92500 0.15000 3.0000 0.87500 0.15000 2.9500 0.87500 0.15000 0.00012500 0.050000
499  2.9500 0.92500 0.20000 3.0000 0.92500 0.20000 3.0000 0.87500 0.20000 2.9500 0.87500 0.20000 0.00012500 0.050000
500  2.9500 0.92500 0.25000 3.0000 0.92500 0.25000 3.0000 0.87500 0.25000 2.9500 0.87500 0.25000 0.00012500 0.050000
501  2.9500 0.92500 0.30000 3.0000 0.92500 0.30000 3.0000 0.87500 0.30000 2.9500 0.87500 0.30000 0.00012500 0.050000
502  2.9500 0.92500 0.35000 3.0000 0.92500 0.35000 3.0000 0.87500 0.35000 2.9500 0.87500 0.35000 0.00012500 0.050000
503  2.9500 0.92500 0.40000 3.0000 0.92500 0.40000 3.0000 0.87500 0.40000 2.9500 0.87500 0.40000 0.00012500 0.050000
504  2.9500 0.92500 0.45000 3.0000 0.92500 0.45000 3.0000 0.87500 0.45000 2.9500 0.87500 0.45000 0.00012500 0.050000
505  2.9500 0.87500 -0.45000 3.0000 0.87500 -0.45000 3.0000 0.82500 -0.45000 2.9500 0.82500 -0.45000 0.00012500 0.050000
506  2.9500 0.87500 -0.40000 3.0000 0.87500 -0.40000 3.0000 0.82500 -0.40000 2.9500 0.82500 -0.40000 0.00012500 0.050000
507  2.9500 0.87500 -0.35000 3.0000 0.87500 -0.35000 3.0000 0.82500 -0.35000 2.9500 0.82500 -0.35000 0.00012500 0.050000
508  2.9500 0.87500 -0.30000 3.0000 0.87500 -0.30000 3.0000 0.82500 -0.30000 2.9500 0.82500 -0.30000 0.00012500 0.050000
509  2.9500 0.87500 -0.25000 3.0000 0.87500 -0.25000 3.0000 0.82500 -0.25000 2.9500 0.82500 -0.25000 0.00012500 0.050000
510  2.9500 0.87500 -0.20000 3.0000 0.87500 -0.20000 3.0000 0.82500 -0.20000 2.9500 0.82500 -0.20000 0.00012500 0.050000
511  2.9500 0.87500 -0.15000 3.0000 0.87500 -0.15000 3.0000 0.82500 -0.15000 2.9500 0.82500 -0.15000 0.00012500 0.050000
512  2.9500 0.87500 -0.10000 3.0000 0.87500 -0.10000 3.0000 0.82500 -0.10000 2.9500 0.82500 -0.10000 0.00012500 0.050000
513  2.9500 0.87500 -0.050000 3.0000 0.87500 -0.050000 3.0000 0.82500 -0.050000 2.9500 0.82500 -0.050000 0.00012500 0.050000
514  2.9500 0.87500 0.0000 3.0000 0.87500 0.0000 3.0000 0.82500 0.0000 2.9500 0.82500 0.0000 0.00012500 0.050000
515  2.9500 0.87500 0.050000 3.0000 0.87500 0.050000 3.0000 0.82500 0.050000 2.9500 0.82500 0.050000 0.00012500 0.050000
516  2.9500 0.87500 0.10000 3.0000 0.87500 0.10000 3.0000 0.82500 0.10000 2.9500 0.82500 0.10000 0.00012500 0.050000
517  2.9500 0.87500 0.15000 3.0000 0.87500 0.15000 3.0000 0.82500 0.15000 2.9500 0.82500 0.15000 0.00012500 0.050000
518  2.9500 0.87500 0.20000 3.0000 0.87500 0.20000 3.0000 0.82500 0.20000 2.9500 0.82500 0.20000 0.00012500 0.050000
519  2.9500 0.87500 0.25000 3.0000 0.87500 0.25000 3.0000 0.82500 0.25000 2.9500 0.82500 0.25000 0.00012500 0.050000
520  2.9500 0.87500 0.30000 3.0000 0.87500 0.30000 3.0000 0.82500 0.30000 2.9500 0.82500 0.30000 0.00012500 0.050000
521  2.9500 0.87500 0.35000 3.0000 0.87500 0.35000 3.0000 0.82500 0.35000 2.9500 0.82500 0.35000 0.00012500 0.050000
522  2.9500 0.87500 0.40000 3.0000 0.87500 0.40000 3.0000 0.82500 0.40000 2.9500 0.82500 0.40000 0.00012500 0.050000
523  2.9500 0.87500 0.45000 3.0000 0.87500 0.45000 3.0000 0.82500 0.45000 2.9500 0.82500 0.45000 0.00012500 0.050000
524  2.9500 0.82500 -0.45000 3.0000 0.82500 -0.45000 3.0000 0.77500 -0.45000 2.9500 0.77500 -0.45000 0.00012500 0.050000
525  2.9500 0.82500 -0.40000 3.0000 0.82500 -0.40000 3.0000 0.77500 -0.40000 2.9500 0.77500 -0.40000 0.00012500 0.050000
526  2.9500 0.82500 -0.35000 3.0000 0.82500 -0.35000 3.0000 0.77500 -0.35000 2.9500 0.77500 -0.35000 0.00012500 0.050000
527  2.9500 0.82500 -0.30000 3.0000 0.82500 -0.30000 3.0000 0.77500 -0.30000 2.9500 0.77500 -0.30000 0.00012500 0.050000
528  2.9500 0.82500 -0.25000 3.0000 0.82500 -0.25000 3.0000 0.77500 -0.25000 2.9500 0.77500 -0.25000 0.00012500 0.050000
529  2.9500 0.82500 -0.20000 3.0000 0.82500 -0.20000 3.0000 0.77500 -0.20000 2.9500 0.77500 -0.20000 0.00012500 0.050000
530  2.9500 0.82500 -0.15000 3.0000 0.82500 -0.15000 3.0000 0.77500 -0.15000 2.9500 0.77500 -0.15000 0.00012500 0.050000
531  2.9500 0.82500 -0.10000 3.0000 0.82500 -0.10000 3.0000 0.77500 -0.10000 2.9500 0.77500 -0.10000 0.00012500 0.050000
532  2.9500 0.82500 -0.050000 3.0000 0.82500 -0.050000 3.0000 0.77500 -0.050000 2.9500 0.77500 -0.050000 0.00012500 0.050000
533  2.9500 0.82500 0.0000 3.0000 0.82500 0.0000 3.0000 0.77500 0.0000 2.9500 0.77500 0.0000 0.00012500 0.050000
534  2.9500 0.82500 0.050000 3.0000 0.82500 0.050000 3.0000 0.77500 0.050000 2.9500 0.77500 0.050000 0.00012500 0.050000
535  2.9500 0.82500 0.10000 3.0000 0.82500 0.10000 3.0000 0.77500 0.10000 2.9500 0.77500 0.10000 0.00012500 0.050000
536  2.9500 0.82500 0.15000 3.0000 0.82500 0.15000 3.0000 0.77500 0.15000 2.9500 0.77500 0.15000 0.00012500 0.050000
537  2.9500 0.82500 0.20000 3.0000 0.82500 0.20000 3.0000 0.77500 0.20000 2.9500 0.77500 0.20000 0.00012500 0.050000
538  2.9500 0.82500 0.25000 3.0000 0.82500 0.25000 3.0000 0.77500 0.25000 2.9500 0.77500 0.25000 0.00012500 0.050000
539  2.9500 0.82500 0.30000 3.0000 0.82500 0.30000 3.0000 0.77500 0.30000 2.9500 0.77500 0.30000 0.00012500 0.050000
540  2.9500 0.82500 0.35000 3.0000 0.82500 0.35000 3.0000 0.77500 0.35000 2.9500 0.77500 0.35000 0.00012500 0.050000
541  2.9500 0.82500 0.40000 3.0000 0.82500 0.40000 3.0000 0.77500 0.40000 2.9500 0.77500 0.40000 0.00012500 0.050000
542  2.9500 0.82500 0.45000 3.0000 0.82500 0.45000 3.0000 0.77500 0.45000 2.9500 0.77500 0.45000 0.00012500 0.050000
543  2.9500 0.77500 -0.40000 3.0000 0.77500 -0.40000 3.0000 0.72500 -0.40000 2.9500 0.72500 -0.40000 0.00012500 0.050000
544  2.9500 0.77500 -0.35000 3.0000 0.77500 -0.35000 3.0000 0.72500 -0.35000 2.9500 0.72500 -0.35000 0.00012500 0.050000
545  2.9500 0.77500 -0.30000 3.0000 0.77500 -0.30000 3.0000 0.72500 -0.30000 2.9500 0.72500 -0.30000 0.00012500 0.050000
546  2.9500 0.77500 -0.25000 3.0000 0.77500 -0.25000 3.0000 0.72500 -0.25000 2.9500 0.72500 -0.25000 0.00012500 0.050000
547  2.9500 0.77500 -0.20000 3.0000 0.77500 -0.20000 3.0000 0.72500 -0.20000 2.9500 0.72500 -0.20000 0.00012500 0.050000
548  2.9500 0.77500 -0.15000 3.0000 0.77500 -0.15000 3.0000 0.72500 -0.15000 2.9500 0.72500 -0.15000 0.00012500 0.050000
549  2.9500 0.77500 -0.10000 3.0000 0.77500 -0.10000 3.0000 0.72500 -0.10000 2.9500 0.72500 -0.10000 0.00012500 0.050000
550  2.9500 0.77500 -0.050000 3.0000 0.77500 -0.050000 3.0000 0.72500 -0.050000 2.9500 0.72500 -0.050000 0.00012500 0.050000
551  2.9500 0.77500 0.0000 3.0000 0.77500 0.0000 3.0000 0.72500 0.0000 2.9500 0.72500 0.0000 0.00012500 0.050000
552  2.9500 0.77500 0.050000 3.0000 0.77500 0.050000 3.0000 0.72500 0.050000 2.9500 0.72500 0.050000 0.00012500 0.050000
553  2.9500 0.77500 0.10000 3.0000 0.77500 0.10000 3.0000 0.72500 0.10000 2.9500 0.72500 0.10000 0.00012500 0.050000
554  2.9500 0.77500 0.15000 3.0000 0.77500 0.15000 3.0000 0.72500 0.15000 2.9500 0.72500 0.15000 0.00012500 0.050000
555  2.9500 0.77500 0.20000 3.0000 0.77500 0.20000 3.0000 0.72500 0.20000 2.9500 0.72500 0.20000 0.00012500 0.050000
556  2.9500 0.77500 0.25000 3.0000 0.77500 0.25000 3.0000 0.72500 0.25000 2.9500 0.72500 0.25000 0.00012500 0.050000
557  2.9500 0.77500 0.30000 3.0000 0.77500 0.30000 3.0000 0.72500 0.30000 2.9500 0.72500 0.30000 0.00012500 0.050000
558  2.9500 0.77500 0.35000 3.0000 0.77500 0.35000 3.0000 0.72500 0.35000 2.9500 0.72500 0.35000 0.00012500 0.050000
559  2.9500 0.77500 0.40000 3.0000 0.77500 0.40000 3.0000 0.72500 0.40000 2.9500 0.72500 0.40000 0.00012500 0.050000
560  2.9500 0.72500 -0.35000 3.0000 0.72500 -0.35000 3.0000 0.67500 -0.35000 2.9500 0.67500 -0.35000 0.00012500 0.050000
561  2.9500 0.72500 -0.30000 3.0000 0.72500 -0.30000 3.0000 0.67500 -0.30000 2.9500 0.67500 -0.30000 0.00012500 0.050000
562  2.9500 0.72500 -0.25000 3.0000 0.72500 -0.25000 3.0000 0.67500 -0.25000 2.9500 0.67500 -0.25000 0.00012500 0.050000
563  2.9500 0.72500 -0.20000 3.0000 0.72500 -0.20000 3.0000 0.67500 -0.20000 2.9500 0.67500 -0.20000 0.00012500 0.050000
564  2.9500 0.72500 -0.15000 3.0000 0.72500 -0.15000 3.0000 0.67500 -0.15000 2.9500 0.67500 -0.15000 0.00012500 0.050000
565  2.9500 0.72500 -0.10000 3.0000 0.72500 -0.10000 3.0000 0.67500 -0.10000 2.9500 0.67500 -0.10000 0.00012500 0.050000
566  2.9500 0.72500 -0.050000 3.0000 0.72500 -0.050000 3.0000 0.67500 -0.050000 2.9500 0.67500 -0.050000 0.00012500 0.050000
567  2.9500 0.72500 0.0000 3.0000 0.72500 0.0000 3.0000 0.67500 0.0000 2.9500 0.67500 0.0000 0.00012500 0.050000
568  2.9500 0.72500 0.050000 3.0000 0.72500 0.050000 3.0000 0.67500 0.050000 2.9500 0.67500 0.050000 0.00012500 0.050000
569  2.9500 0.72500 0.10000 3.0000 0.72500 0.10000 3.0000 0.67500 0.10000 2.9500 0.67500 0.10000 0.00012500 0.050000
570  2.9500 0.72500 0.15000 3.0000 0.72500 0.15000 3.0000 0.67500 0.15000 2.9500 0.67500 0.15000 0.00012500 0.050000
571  2.9500 0.72500 0.20000 3.0000 0.72500 0.20000 3.0000 0.67500 0.20000 2.9500 0.67500 0.20000 0.00012500 0.050000
572  2.9500 0.72500 0.25000 3.0000 0.72500 0.25000 3.0000 0.67500 0.25000 2.9500 0.67500 0.25000 0.00012500 0.050000
573  2.9500 0.72500 0.30000 3.0000 0.72500 0.30000 3.0000 0.67500 0.30000 2.9500 0.67500 0.30000 0.00012500 0.050000
574  2.9500 0.72500 0.35000 3.0000 0.72500 0.35000 3.0000 0.67500 0.35000 2.9500 0.67500 0.35000 0.00012500 0.050000
575  2.9500 0.67500 -0.35000 3.0000 0.67500 -0.35000 3.0000 0.62500 -0.35000 2.9500 0.62500 -0.35000 0.00012500 0.050000
576  2.9500 0.67500 -0.30000 3.0000 0.67500 -0.30000 3.0000 0.62500 -0.30000 2.9500 0.62500 -0.30000 0.00012500 0.050000
577  2.9500 0.67500 -0.25000 3.0000 0.67500 -0.25000 3.0000 0.62500 -0.25000 2.9500 0.62500 -0.25000 0.00012500 0.050000
578  2.9500 0.67500 -0.20000 3.0000 0.67500 -0.20000 3.0000 0.62500 -0.20000 2.9500 0.62500 -0.20000 0.00012500 0.050000
579  2.9500 0.67500 -0.15000 3.0000 0.67500 -0.15000 3.0000 0.62500 -0.15000 2.9500 0.62500 -0.15000 0.00012500 0.050000
580  2.9500 0.67500 -0.10000 3.0000 0.67500 -0.10000 3.0000 0.62500 -0.10000 2.9500 0.62500 -0.10000 0.00012500 0.050000
581  2.9500 0.67500 -0.050000 3.0000 0.67500 -0.050000 3.0000 0.62500 -0.050000 2.9500 0.62500 -0.050000 0.00012500 0.050000
582  2.9500 0.67500 0.0000 3.0000 0.67500 0.0000 3.0000 0.62500 0.0000 2.9500 0.62500 0.0000 0.00012500 0.050000
583  2.9500 0.67500 0.050000 3.0000 0.67500 0.050000 3.0000 0.62500 0.050000 2.9500 0.62500 0.050000 0.00012500 0.050000
584  2.9500 0.67500 0.10000 3.0000 0.67500 0.10000 3.0000 0.62500 0.10000 2.9500 0.62500 0.10000 0.00012500 0.050000
585  2.9500 0.67500 0.15000 3.0000 0.67500 0.15000 3.0000 0.62500 0.15000 2.9500 0.62500 0.15000 0.00012500 0.050000
586  2.9500 0.67500 0.20000 3.0000 0.67500 0.20000 3.0000 0.62500 0.20000 2.9500 0.62500 0.20000 0.00012500 0.050000
587  2.9500 0.67500 0.25000 3.0000 0.67500 0.25000 3.0000 0.62500 0.25000 2.9500 0.62500 0.25000 0.00012500 0.050000
588  2.9500 0.67500 0.30000 3.0000 0.67500 0.30000 3.0000 0.62500 0.30000 2.9500 0.62500 0.30000 0.00012500 0.050000
589  2.9500 0.67500 0.35000 3.0000 0.67500 0.35000 3.0000 0.62500 0.35000 2.9500 0.62500 0.35000 0.00012500 0.050000
590  2.9500 0.62500 -0.25000 3.0000 0.62500 -0.25000 3.0000 0.57500 -0.25000 2.9500 0.57500 -0.25000 0.00012500 0.050000
591  2.9500 0.62500 -0.20000 3.0000 0.62500 -0.20000 3.0000 0.57500 -0.20000 2.9500 0.57500 -0.20000 0.00012500 0.050000
592  2.9500 0.62500 -0.15000 3.0000 0.62500 -0.15000 3.0000 0.57500 -0.15000 2.9500 0.57500 -0.15000 0.00012500 0.050000
593  2.9500 0.62500 -0.10000 3.0000 0.62500 -0.10000 3.0000 0.57500 -0.10000 2.9500 0.57500 -0.10000 0.00012500 0.050000
594  2.9500 0.62500 -0.050000 3.0000 0.62500 -0.050000 3.0000 0.57500 -0.050000 2.9500 0.57500 -0.050000 0.00012500 0.050000
595  2.9500 0.62500 0.0000 3.0000 0.62500 0.0000 3.0000 0.57500 0.0000 2.9500 0.57500 0.0000 0.00012500 0.050000
596  2.9500 0.62500 0.050000 3.0000 0.62500 0.050000 3.0000 0.57500 0.050000 2.9500 0.57500 0.050000 0.00012500 0.050000
597  2.9500 0.62500 0.10000 3.0000 0.62500 0.10000 3.0000 0.57500 0.10000 2.9500 0.57500 0.10000 0.00012500 0.050000
598  2.9500 0.62500 0.15000 3.0000 0.62500 0.15000 3.0000 0.57500 0.15000 2.9500 0.57500 0.15000 0.00012500 0.050000
599  2.9500 0.62500 0.20000 3.0000 0.62500 0.20000 3.0000 0.57500 0.20000 2.9500 0.57500 0.20000 0.00012500 0.050000
600  2.9500 0.62500 0.25000 3.0000 0.62500 0.25000 3.0000 0.57500 0.25000 2.9500 0.57500 0.25000 0.00012500 0.050000
601  2.9500 0.57500 -0.20000 3.0000 0.57500 -0.20000 3.0000 0.52500 -0.20000 2.9500 0.52500 -0.20000 0.00012500 0.050000
602  2.9500 0.57500 -0.15000 3.0000 0.57500 -0.15000 3.0000 0.52500 -0.15000 2.9500 0.52500 -0.15000 0.00012500 0.050000
603  2.9500 0.57500 -0.10000 3.0000 0.57500 -0.10000 3.0000 0.52500 -0.10000 2.9500 0.52500 -0.10000 0.00012500 0.050000
604  2.9500 0.57500 -0.050000 3.0000 0.57500 -0.050000 3.0000 0.52500 -0.050000 2.9500 0.52500 -0.050000 0.00012500 0.050000
605  2.9500 0.57500 0.0000 3.0000 0.57500 0.0000 3.0000 0.52500 0.0000 2.9500 0.52500 0.0000 0.00012500 0.050000
606  2.9500 0.57500 0.050000 3.0000 0.57500 0.050000 3.0000 0.52500 0.050000 2.9500 0.52500 0.050000 0.00012500 0.050000
607  2.9500 0.57500 0.10000 3.0000 0.57500 0.10000 3.0000 0.52500 0.10000 2.9500 0.52500 0.10000 0.00012500 0.050000
608  2.9500 0.57500 0.15000 3.0000 0.57500 0.15000 3.0000 0.52500 0.15000 2.9500 0.52500 0.15000 0.00012500 0.050000
609  2.9500 0.57500 0.20000 3.0000 0.57500 0.20000 3.0000 0.52500 0.20000 2.9500 0.52500 0.20000 0.00012500 0.050000
610  3.0133 0.89956 -0.13333 3.1497 0.89047 -0.13333 3.1408 0.75743 -0.13333 3.0044 0.76652 -0.13333 0.0024296 0.13333
611  3.0133 0.89956 0.0000 3.1497 0.89047 0.0000 3.1408 0.75743 0.0000 3.0044 0.76652 0.0000 0.0024296 0.13333
612  3.0133 0.89956 0.13333 3.1497 0.89047 0.13333 3.1408 0.75743 0.13333 3.0044 0.76652 0.13333 0.0024296 0.13333
613  3.0044 0.76652 -0.13333 3.1408 0.75743 -0.13333 3.1319 0.62439 -0.13333 2.9956 0.63348 -0.13333 0.0024296 0.13333
614  3.0044 0.76652 0.0000 3.1408 0.75743 0.0000 3.1319 0.62439 0.0000 2.9956 0.63348 0.0000 0.0024296 0.13333
615  3.0044 0.76652 0.13333 3.1408 0.75743 0.13333 3.1319 0.62439 0.13333 2.9956 0.63348 0.13333 0.0024296 0.13333
616  2.9956 0.63348 -0.13333 3.1319 0.62439 -0.13333 3.1231 0.49135 -0.13333 2.9867 0.50044 -0.13333 0.0024296 0.13333
617  2.9956 0.63348 0.0000 3.1319 0.62439 0.0000 3.1231 0.49135 0.0000 2.9867 0.50044 0.0000 0.0024296 0.13333
618  2.9956 0.63348 0.13333 3.1319 0.62439 0.13333 3.1231 0.49135 0.13333 2.9867 0.50044 0.13333 0.0024296 0.13333
619  3.1497 0.89047 -0.13333 3.2860 0.88138 -0.13333 3.2772 0.74834 -0.13333 3.1408 0.75743 -0.13333 0.0024296 0.13333
620  3.1497 0.89047 0.0000 3.2860 0.88138 0.0000 3.2772 0.74834 0.0000 3.1408 0.75743 0.0000 0.0024296 0.13333
621  3.1497 0.89047 0.13333 3.2860 0.88138 0.13333 3.2772 0.74834 0.13333 3.1408 0.75743 0.13333 0.0024296 0.13333
622  3.1408 0.75743 -0.13333 3.2772 0.74834 -0.13333 3.2683 0.61530 -0.13333 3.1319 0.62439 -0.13333 0.0024296 0.13333
623  3.1408 0.75743 0.0000 3.2772 0.74834 0.0000 3.2683 0.61530 0.0000 3.1319 0.62439 0.0000 0.0024296 0.13333
624  3.1408 0.75743 0.13333 3.2772 0.74834 0.13333 3.2683 0.61530 0.13333 3.1319 0.62439 0.13333 0.0024296 0.13333
625  3.1319 0.62439 -0.13333 3.2683 0.61530 -0.13333 3.2594 0.48226 -0.13333 3.1231 0.49135 -0.13333 0.0024296 0.13333
626  3.1319 0.62439 0.0000 3.2683 0.61530 0.0000 3.2594 0.48226 0.0000 3.1231 0.49135 0.0000 0.0024296 0.13333
627  3.1319 0.62439 0.13333 3.2683 0.61530 0.13333 3.2594 0.48226 0.13333 3.1231 0.49135 0.13333 0.0024296 0.13333
628  3.2860 0.88138 -0.13333 3.4224 0.87228 -0.13333 3.4135 0.73925 -0.13333 3.2772 0.74834 -0.13333 0.0024296 0.13333
629  3.2860 0.88138 0.0000 3.4224 0.87228 0.0000 3.4135 0.73925 0.0000 3.2772 0.74834 0.0000 0.0024296 0.13333
630  3.2860 0.88138 0.13333 3.4224 0.87228 0.13333 3.4135 0.73925 0.13333 3.2772 0.74834 0.13333 0.0024296 0.13333
631  3.2772 0.74834 -0.13333 3.4135 0.73925 -0.13333 3.4047 0.60621 -0.13333 3.2683 0.61530 -0.13333 0.0024296 0.13333
632  3.2772 0.74834 0.0000 3.4135 0.73925 0.0000 3.4047 0.60621 0.0000 3.2683 0.61530 0.0000 0.0024296 0.13333
633  3.2772 0.74834 0.13333 3.4135 0.73925 0.13333 3.4047 0.60621 0.13333 3.2683 0.61530 0.13333 0.0024296 0.13333
634  3.2683 0.61530 -0.13333 3.4047 0.60621 -0.13333 3.3958 0.47317 -0.13333 3.2594 0.48226 -0.13333 0.0024296 0.13333
635  3.2683 0.61530 0.0000 3.4047 0.60621 0.0000 3.3958 0.47317 0.0000 3.2594 0.48226 0.0000 0.0024296 0.13333
636  3.2683 0.61530 0.13333 3.4047 0.60621 0.13333 3.3958 0.47317 0.13333 3.2594 0.48226 0.13333 0.0024296 0.13333
637  3.4224 0.87228 0.0000 3.5588 0.86319 0.0000 3.5499 0.73016 0.0000 3.4135 0.73925 0.0000 0.0024296 0.13333
638  3.4135 0.73925 -0.13333 3.5499 0.73016 -0.13333 3.5410 0.59712 -0.13333 3.4047 0.60621 -0.13333 0.0024296 0.13333
639  3.4135 0.73925 0.0000 3.5499 0.73016 0.0000 3.5410 0.59712 0.0000 3.4047 0.60621 0.0000 0.0024296 0.13333
640  3.4135 0.73925 0.13333 3.5499 0.73016 0.13333 3.5410 0.59712 0.13333 3.4047 0.60621 0.13333 0.0024296 0.13333
641  3.4047 0.60621 0.0000 3.5410 0.59712 0.0000 3.5322 0.46408 0.0000 3.3958 0.47317 0.0000 0.0024296 0.13333
642  3.5588 0.86319 0.0000 3.6951 0.85410 0.0000 3.6863 0.72106 0.0000 3.5499 0.73016 0.0000 0.0024296 0.13333
643  3.5499 0.73016 -0.13333 3.6863 0.72106 -0.13333 3.6774 0.58803 -0.13333 3.5410 0.59712 -0.13333 0.0024296 0.13333
644  3.5499 0.73016 0.0000 3.6863 0.72106 0.0000 3.6774 0.58803 0.0000 3.5410 0.59712 0.0000 0.0024296 0.13333
645  3.5499 0.73016 0.13333 3.6863 0.72106 0.13333 3.6774 0.58803 0.13333 3.5410 0.59712 0.13333 0.0024296 0.13333
646  3.5410 0.59712 0.0000 3.6774 0.58803 0.0000 3.6685 0.45499 0.0000 3.5322 0.46408 0.0000 0.0024296 0.13333
647  3.6951 0.85410 0.0000 3.8315 0.84501 0.0000 3.8226 0.71197 0.0000 3.6863 0.72106 0.0000 0.0024296 0.13333
648  3.6863 0.72106 -0.13333 3.8226 0.71197 -0.13333 3.8137 0.57894 -0.13333 3.6774 0.58803 -0.13333 0.0024296 0.13333
649  3.6863 0.72106 0.0000 3.8226 0.71197 0.0000 3.8137 0.57894 0.0000 3.6774 0.58803 0.0000 0.0024296 0.13333
650  3.6863 0.72106 0.13333 3.8226 0.71197 0.13333 3.8137 0.57894 0.13333 3.6774 0.58803 0.13333 0.0024296 0.13333
651  3.6774 0.58803 0.0000 3.8137 0.57894 0.0000 3.8049 0.44590 0.0000 3.6685 0.45499 0.0000 0.0024296 0.13333
652  3.8315 0.84501 0.0000 3.9678 0.83592 0.0000 3.9590 0.70288 0.0000 3.8226 0.71197 0.0000 0.0024296 0.13333
653  3.8226 0.71197 -0.13333 3.9590 0.70288 -0.13333 3.9501 0.56984 -0.13333 3.8137 0.57894 -0.13333 0.0024296 0.13333
654  3.8226 0.71197 0.0000 3.9590 0.70288 0.0000 3.9501 0.56984 0.0000 3.8137 0.57894 0.0000 0.0024296 0.13333
655  3.8226 0.71197 0.13333 3.9590 0.70288 0.13333 3.9501 0.56984 0.13333 3.8137 0.57894 0.13333 0.0024296 0.13333
656  3.8137 0.57894 0.0000 3.9501 0.56984 0.0000 3.9412 0.43681 0.0000 3.8049 0.44590 0.0000 0.0024296 0.13333
657  3.9678 0.83592 0.0000 4.1042 0.82683 0.0000 4.0953 0.69379 0.0000 3.9590 0.70288 0.0000 0.0024296 0.13333
658  3.9590 0.70288 -0.13333 4.0953 0.69379 -0.13333 4.0865 0.56075 -0.13333 3.9501 0.56984 -0.13333 0.0024296 0.13333
659  3.9590 0.70288 0.0000 4.0953 0.69379 0.0000 4.0865 0.56075 0.0000 3.9501 0.56984 0.0000 0.0024296 0.13333
660  3.9590 0.70288 0.13333 4.0953 0.69379 0.13333 4.0865 0.56075 0.13333 3.9501 0.56984 0.13333 0.0024296 0.13333
661  3.9501 0.56984 0.0000 4.0865 0.56075 0.0000 4.0776 0.42772 0.0000 3.9412 0.43681 0.0000 0.0024296 0.13333
662  4.1042 0.82683 0.0000 4.2406 0.81774 0.0000 4.2317 0.68470 0.0000 4.0953 0.69379 0.0000 0.0024296 0.13333
663  4.0953 0.69379 -0.13333 4.2317 0.68470 -0.13333 4.2228 0.55166 -0.13333 4.0865 0.56075 -0.13333 0.0024296 0.13333
664  4.0953 0.69379 0.0000 4.2317 0.68470 0.0000 4.2228 0.55166 0.0000 4.0865 0.56075 0.0000 0.0024296 0.13333
665  4.0953 0.69379 0.13333 4.2317 0.68470 0.13333 4.2228 0.55166 0.13333 4.0865 0.56075 0.13333 0.0024296 0.13333
666  4.0865 0.56075 0.0000 4.2228 0.55166 0.0000 4.2140 0.41862 0.0000 4.0776 0.42772 0.0000 0.0024296 0.13333
667  4.2406 0.81774 0.0000 4.3769 0.80865 0.0000 4.3681 0.67561 0.0000 4.2317 0.68470 0.0000 0.0024296 0.13333
668  4.2317 0.68470 -0.13333 4.3681 0.67561 -0.13333 4.3592 0.54257 -0.13333 4.2228 0.55166 -0.13333 0.0024296 0.13333
669  4.2317 0.68470 0.0000 4.3681 0.67561 0.0000 4.3592 0.54257 0.0000 4.2228 0.55166 0.0000 0.0024296 0.13333
670  4.2317 0.68470 0.13333 4.3681 0.67561 0.13333 4.3592 0.54257 0.13333 4.2228 0.55166 0.13333 0.0024296 0.13333
671  4.2228 0.55166 0.0000 4.3592 0.54257 0.0000 4.3503 0.40953 0.0000 4.2140 0.41862 0.0000 0.0024296 0.13333
672  4.3769 0.80865 0.0000 4.5133 0.79956 0.0000 4.5044 0.66652 0.0000 4.3681 0.67561 0.0000 0.0024296 0.13333
673  4.3681 0.67561 -0.13333 4.5044 0.66652 -0.13333 4.4956 0.53348 -0.13333 4.3592 0.54257 -0.13333 0.0024296 0.13333
674  4.3681 0.67561 0.0000 4.5044 0.66652 0.0000 4.4956 0.53348 0.0000 4.3592 0.54257 0.0000 0.0024296 0.13333
675  4.3681 0.67561 0.13333 4.5044 0.66652 0.13333 4.4956 0.53348 0.13333 4.3592 0.54257 0.13333 0.0024296 0.13333
676  4.3592 0.54257 0.0000 4.4956 0.53348 0.0000 4.4867 0.40044 0.0000 4.3503 0.40953 0.0000 0.0024296 0.13333
677  4.5133 0.79956 0.0000 4.6497 0.79047 0.0000 4.6408 0.65743 0.0000 4.5044 0.66652 0.0000 0.0024296 0.13333
678  4.5044 0.66652 -0.13333 4.6408 0.65743 -0.13333 4.6319 0.52439 -0.13333 4.4956 0.53348 -0.13333 0.0024296 0.13333
679  4.5044 0.66652 0.0000 4.6408 0.65743 0.0000 4.6319 0.52439 0.0000 4.4956 0.53348 0.0000 0.0024296 0.13333
680  4.5044 0.66652 0.13333 4.6408 0.65743 0.13333 4.6319 0.52439 0.13333 4.4956 0.53348 0.13333 0.0024296 0.13333
681  4.4956 0.53348 0.0000 4.6319 0.52439 0.0000 4.6231 0.39135 0.0000 4.4867 0.40044 0.0000 0.0024296 0.13333
682  4.6497 0.79047 0.0000 4.7860 0.78138 0.0000 4.7772 0.64834 0.0000 4.6408 0.65743 0.0000 0.0024296 0.13333
683  4.6408 0.65743 -0.13333 4.7772 0.64834 -0.13333 4.7683 0.51530 -0.13333 4.6319 0.52439 -0.13333 0.0024296 0.13333
684  4.6408 0.65743 0.0000 4.7772 0.64834 0.0000 4.7683 0.51530 0.0000 4.6319 0.52439 0.0000 0.0024296 0.13333
685  4.6408 0.65743 0.13333 4.7772 0.64834 0.13333 4.7683 0.51530 0.13333 4.6319 0.52439 0.13333 0.0024296 0.13333
686  4.6319 0.52439 0.0000 4.7683 0.51530 0.0000 4.7594 0.38226 0.0000 4.6231 0.39135 0.0000 0.0024296 0.13333
687  4.7860 0.78138 0.0000 4.9224 0.77228 0.0000 4.9135 0.63925 0.0000 4.7772 0.64834 0.0000 0.0024296 0.13333
688  4.7772 0.64834 -0.13333 4.9135 0.63925 -0.13333 4.9047 0.50621 -0.13333 4.7683 0.51530 -0.13333 0.0024296 0.13333
689  4.7772 0.64834 0.0000 4.9135 0.63925 0.0000 4.9047 0.50621 0.0000 4.7683 0.51530 0.0000 0.0024296 0.13333
690  4.7772 0.64834 0.13333 4.9135 0.63925 0.13333 4.9047 0.50621 0.13333 4.7683 0.51530 0.13333 0.0024296 0.13333
691  4.7683 0.51530 0.0000 4.9047 0.50621 0.0000 4.8958 0.37317 0.0000 4.7594 0.38226 0.0000 0.0024296 0.13333
692  4.9224 0.77228 0.0000 5.0588 0.76319 0.0000 5.0499 0.63016 0.0000 4.9135 0.63925 0.0000 0.0024296 0.13333
693  4.9135 0.63925 -0.13333 5.0499 0.63016 -0.13333 5.0410 0.49712 -0.13333 4.9047 0.50621 -0.13333 0.0024296 0.13333
694  4.9135 0.63925 0.0000 5.0499 0.63016 0.0000 5.0410 0.49712 0.0000 4.9047 0.50621 0.0000 0.0024296 0.13333
695  4.9135 0.63925 0.13333 5.0499 0.63016 0.13333 5.0410 0.49712 0.13333 4.9047 0.50621 0.13333 0.0024296 0.13333
696  4.9047 0.50621 0.0000 5.0410 0.49712 0.0000 5.0322 0.36408 0.0000 4.8958 0.37317 0.0000 0.0024296 0.13333
697  5.0499 0.63016 0.0000 5.1863 0.62106 0.0000 5.1774 0.48803 0.0000 5.0410 0.49712 0.0000 0.0024296 0.13333
698  5.1863 0.62106 0.0000 5.3226 0.61197 0.0000 5.3137 0.47894 0.0000 5.1774 0.48803 0.0000 0.0024296 0.13333
699  5.3226 0.61197 0.0000 5.4590 0.60288 0.0000 5.4501 0.46984 0.0000 5.3137 0.47894 0.0000 0.0024296 0.13333
700  5.4590 0.60288 0.0000 5.5953 0.59379 0.0000 5.5865 0.46075 0.0000 5.4501 0.46984 0.0000 0.0024296 0.13333
701  5.5953 0.59379 0.0000 5.7317 0.58470 0.0000 5.7228 0.45166 0.0000 5.5865 0.46075 0.0000 0.0024296 0.13333
702  5.7317 0.58470 0.0000 5.8681 0.57561 0.0000 5.8592 0.44257 0.0000 5.7228 0.45166 0.0000 0.0024296 0.13333
703  5.8681 0.57561 0.0000 6.0044 0.56652 0.0000 5.9956 0.43348 0.0000 5.8592 0.44257 0.0000 0.0024296 0.13333
704  2.9042 1.5193 0.0000 3.0471 1.5621 0.0000 3.0854 1.4344 0.0000 2.9425 1.3916 0.0000 0.0026515 0.13333
705  2.9425 1.3916 -0.13333 3.0854 1.4344 -0.13333 3.1237 1.3067 -0.13333 2.9808 1.2639 -0.13333 0.0026515 0.13333
706  2.9425 1.3916 0.0000 3.0854 1.4344 0.0000 3.1237 1.3067 0.0000 2.9808 1.2639 0.0000 0.0026515 0.13333
707  2.9425 1.3916 0.13333 3.0854 1.4344 0.13333 3.1237 1.3067 0.13333 2.9808 1.2639 0.13333 0.0026515 0.13333
708  2.9808 1.2639 -0.26667 3.1237 1.3067 -0.26667 3.1620 1.1790 -0.26667 3.0192 1.1361 -0.26667 0.0026515 0.13333
709  2.9808 1.2639 -0.13333 3.1237 1.3067 -0.13333 3.1620 1.1790 -0.13333 3.0192 1.1361 -0.13333 0.0026515 0.13333
710  2.9808 1.2639 0.0000 3.1237 1.3067 0.0000 3.1620 1.1790 0.0000 3.0192 1.1361 0.0000 0.0026515 0.13333
711  2.9808 1.2639 0.13333 3.1237 1.3067 0.13333 3.1620 1.1790 0.13333 3.0192 1.1361 0.13333 0.0026515 0.13333
712  2.9808 1.2639 0.26667 3.1237 1.3067 0.26667 3.1620 1.1790 0.26667 3.0192 1.1361 0.26667 0.0026515 0.13333
713  3.0192 1.1361 -0.13333 3.1620 1.1790 -0.13333 3.2003 1.0513 -0.13333 3.0575 1.0084 -0.13333 0.0026515 0.13333
714  3.0192 1.1361 0.0000 3.1620 1.1790 0.0000 3.2003 1.0513 0.0000 3.0575 1.0084 0.0000 0.0026515 0.13333
715  3.0192 1.1361 0.13333 3.1620 1.1790 0.13333 3.2003 1.0513 0.13333 3.0575 1.0084 0.13333 0.0026515 0.13333
716  3.0575 1.0084 0.0000 3.2003 1.0513 0.0000 3.2386 0.92358 0.0000 3.0958 0.88072 0.0000 0.0026515 0.13333
717  3.0854 1.4344 -0.13333 3.2282 1.4773 -0.13333 3.2666 1.3496 -0.13333 3.1237 1.3067 -0.13333 0.0026515 0.13333
718  3.0854 1.4344 0.0000 3.2282 1.4773 0.0000 3.2666 1.3496 0.0000 3.1237 1.3067 0.0000 0.0026515 0.13333
719  3.0854 1.4344 0.13333 3.2282 1.4773 0.13333 3.2666 1.3496 0.13333 3.1237 1.3067 0.13333 0.0026515 0.13333
720  3.1237 1.3067 -0.13333 3.2666 1.3496 -0.13333 3.3049 1.2219 -0.13333 3.1620 1.1790 -0.13333 0.0026515 0.13333
721  3.1237 1.3067 0.0000 3.2666 1.3496 0.0000 3.3049 1.2219 0.0000 3.1620 1.1790 0.0000 0.0026515 0.13333
722  3.1237 1.3067 0.13333 3.2666 1.3496 0.13333 3.3049 1.2219 0.13333 3.1620 1.1790 0.13333 0.0026515 0.13333
723  3.1620 1.1790 -0.13333 3.3049 1.2219 -0.13333 3.3432 1.0941 -0.13333 3.2003 1.0513 -0.13333 0.0026515 0.13333
724  3.1620 1.1790 0.0000 3.3049 1.2219 0.0000 3.3432 1.0941 0.0000 3.2003 1.0513 0.0000 0.0026515 0.13333
725  3.1620 1.1790 0.13333 3.3049 1.2219 0.13333 3.3432 1.0941 0.13333 3.2003 1.0513 0.13333 0.0026515 0.13333
726  3.2282 1.4773 -0.13333 3.3711 1.5201 -0.13333 3.4094 1.3924 -0.13333 3.2666 1.3496 -0.13333 0.0026515 0.13333
727  3.2282 1.4773 0.0000 3.3711 1.5201 0.0000 3.4094 1.3924 0.0000 3.2666 1.3496 0.0000 0.0026515 0.13333
728  3.2282 1.4773 0.13333 3.3711 1.5201 0.13333 3.4094 1.3924 0.13333 3.2666 1.3496 0.13333 0.0026515 0.13333
729  3.2666 1.3496 -0.13333 3.4094 1.3924 -0.13333 3.4477 1.2647 -0.13333 3.3049 1.2219 -0.13333 0.0026515 0.13333
730  3.2666 1.3496 0.0000 3.4094 1.3924 0.0000 3.4477 1.2647 0.0000 3.3049 1.2219 0.0000 0.0026515 0.13333
731  3.2666 1.3496 0.13333 3.4094 1.3924 0.13333 3.4477 1.2647 0.13333 3.3049 1.2219 0.13333 0.0026515 0.13333
732  3.3049 1.2219 -0.13333 3.4477 1.2647 -0.13333 3.4860 1.1370 -0.13333 3.3432 1.0941 -0.13333 0.0026515 0.13333
733  3.3049 1.2219 0.0000 3.4477 1.2647 0.0000 3.4860 1.1370 0.0000 3.3432 1.0941 0.0000 0.0026515 0.13333
734  3.3049 1.2219 0.13333 3.4477 1.2647 0.13333 3.4860 1.1370 0.13333 3.3432 1.0941 0.13333 0.0026515 0.13333
735  3.3711 1.5201 -0.13333 3.5140 1.5630 -0.13333 3.5523 1.4353 -0.13333 3.4094 1.3924 -0.13333 0.0026515 0.13333
736  3.3711 1.5201 0.0000 3.5140 1.5630 0.0000 3.5523 1.4353 0.0000 3.4094 1.3924 0.0000 0.0026515 0.13333
737  3.3711 1.5201 0.13333 3.5140 1.5630 0.13333 3.5523 1.4353 0.13333 3.4094 1.3924 0.13333 0.0026515 0.13333
738  3.4094 1.3924 -0.13333 3.5523 1.4353 -0.13333 3.5906 1.3076 -0.13333 3.4477 1.2647 -0.13333 0.0026515 0.13333
739  3.4094 1.3924 0.0000 3.5523 1.4353 0.0000 3.5906 1.3076 0.0000 3.4477 1.2647 0.0000 0.0026515 0.13333
740  3.4094 1.3924 0.13333 3.5523 1.4353 0.13333 3.5906 1.3076 0.13333 3.4477 1.2647 0.13333 0.0026515 0.13333
741  3.4477 1.2647 -0.13333 3.5906 1.3076 -0.13333 3.6289 1.1799 -0.13333 3.4860 1.1370 -0.13333 0.0026515 0.13333
742  3.4477 1.2647 0.0000 3.5906 1.3076 0.0000 3.6289 1.1799 0.0000 3.4860 1.1370 0.0000 0.0026515 0.13333
743  3.4477 1.2647 0.13333 3.5906 1.3076 0.13333 3.6289 1.1799 0.13333 3.4860 1.1370 0.13333 0.0026515 0.13333
744  3.5140 1.5630 0.0000 3.6568 1.6059 0.0000 3.6951 1.4781 0.0000 3.5523 1.4353 0.0000 0.0026515 0.13333
745  3.5523 1.4353 -0.13333 3.6951 1.4781 -0.13333 3.7334 1.3504 -0.13333 3.5906 1.3076 -0.13333 0.0026515 0.13333
746  3.5523 1.4353 0.0000 3.6951 1.4781 0.0000 3.7334 1.3504 0.0000 3.5906 1.3076 0.0000 0.0026515 0.13333
747  3.5523 1.4353 0.13333 3.6951 1.4781 0.13333 3.7334 1.3504 0.13333 3.5906 1.3076 0.13333 0.0026515 0.13333
748  3.5906 1.3076 0.0000 3.7334 1.3504 0.0000 3.7718 1.2227 0.0000 3.6289 1.1799 0.0000 0.0026515 0.13333
749  3.6568 1.6059 0.0000 3.7997 1.6487 0.0000 3.8380 1.5210 0.0000 3.6951 1.4781 0.0000 0.0026515 0.13333
750  3.6951 1.4781 -0.13333 3.8380 1.5210 -0.13333 3.8763 1.3933 -0.13333 3.7334 1.3504 -0.13333 0.0026515 0.13333
751  3.6951 1.4781 0.0000 3.8380 1.5210 0.0000 3.8763 1.3933 0.0000 3.7334 1.3504 0.0000 0.0026515 0.13333
752  3.6951 1.4781 0.13333 3.8380 1.5210 0.13333 3.8763 1.3933 0.13333 3.7334 1.3504 0.13333 0.0026515 0.13333
753  3.7334 1.3504 0.0000 3.8763 1.3933 0.0000 3.9146 1.2656 0.0000 3.7718 1.2227 0.0000 0.0026515 0.13333
754  3.8380 1.5210 0.0000 3.9808 1.5639 0.0000 4.0192 1.4361 0.0000 3.8763 1.3933 0.0000 0.0026515 0.13333
755  4.0000 1.5667 0.0000 4.1429 1.5667 0.0000 4.1429 1.4333 0.0000 4.0000 1.4333 0.0000 0.0025397 0.13333
756  4.1429 1.5667 0.0000 4.2857 1.5667 0.0000 4.2857 1.4333 0.0000 4.1429 1.4333 0.0000 0.0025397 0.13333
757  4.2857 1.5667 0.0000 4.4286 1.5667 0.0000 4.4286 1.4333 0.0000 4.2857 1.4333 0.0000 0.0025397 0.13333
758  4.4286 1.5667 0.0000 4.5714 1.5667 0.0000 4.5714 1.4333 0.0000 4.4286 1.4333 0.0000 0.0025397 0.13333
759  4.5714 1.5667 0.0000 4.7143 1.5667 0.0000 4.7143 1.4333 0.0000 4.5714 1.4333 0.0000 0.0025397 0.13333
760  4.7143 1.5667 0.0000 4.8571 1.5667 0.0000 4.8571 1.4333 0.0000 4.7143 1.4333 0.0000 0.0025397 0.13333
761  4.8571 1.5667 0.0000 5.0000 1.5667 0.0000 5.0000 1.4333 0.0000 4.8571 1.4333 0.0000 0.0025397 0.13333
