element_index  x0 y0 z0 x1 y1 z1 x2 y2 z2 x3 y3 z3 volume deltaZ
0  1.0000 2.0000 0.0000 1.6667 2.0000 0.0000 1.6667 1.3333 0.0000 1.0000 1.3333 0.0000 0.22222 0.50000
1  1.0000 1.3333 0.0000 1.6667 1.3333 0.0000 1.6667 0.66667 0.0000 1.0000 0.66667 0.0000 0.22222 0.50000
2  1.0000 0.66667 0.0000 1.6667 0.66667 0.0000 1.6667 2.2204e-16 0.0000 1.0000 2.2204e-16 0.0000 0.22222 0.50000
3  1.6667 2.0000 0.0000 2.3333 2.0000 0.0000 2.3333 1.3333 0.0000 1.6667 1.3333 0.0000 0.22222 0.50000
4  1.6667 1.3333 0.0000 2.3333 1.3333 0.0000 2.3333 0.66667 0.0000 1.6667 0.66667 0.0000 0.22222 0.50000
5  1.6667 0.66667 0.0000 2.3333 0.66667 0.0000 2.3333 2.2204e-16 0.0000 1.6667 2.2204e-16 0.0000 0.22222 0.50000
6  2.3333 2.0000 0.0000 3.0000 2.0000 0.0000 3.0000 1.3333 0.0000 2.3333 1.3333 0.0000 0.22222 0.50000
7  2.3333 1.3333 0.0000 3.0000 1.3333 0.0000 3.0000 0.66667 0.0000 2.3333 0.66667 0.0000 0.22222 0.50000
8  2.3333 0.66667 0.0000 3.0000 0.66667 0.0000 3.0000 2.2204e-16 0.0000 2.3333 2.2204e-16 0.0000 0.22222 0.50000
9  3.0000 2.0000 0.0000 3.6667 2.0000 0.0000 3.6667 1.3333 0.0000 3.0000 1.3333 0.0000 0.22222 0.50000
10  3.0000 1.3333 0.0000 3.6667 1.3333 0.0000 3.6667 0.66667 0.0000 3.0000 0.66667 0.0000 0.22222 0.50000
11  3.0000 0.66667 0.0000 3.6667 0.66667 0.0000 3.6667 2.2204e-16 0.0000 3.0000 2.2204e-16 0.0000 0.22222 0.50000
12  3.6667 2.0000 0.0000 4.3333 2.0000 0.0000 4.3333 1.3333 0.0000 3.6667 1.3333 0.0000 0.22222 0.50000
13  3.6667 1.3333 0.0000 4.3333 1.3333 0.0000 4.3333 0.66667 0.0000 3.6667 0.66667 0.0000 0.22222 0.50000
14  3.6667 0.66667 0.0000 4.3333 0.66667 0.0000 4.3333 2.2204e-16 0.0000 3.6667 2.2204e-16 0.0000 0.22222 0.50000
15  4.3333 2.0000 0.0000 5.0000 2.0000 0.0000 5.0000 1.3333 0.0000 4.3333 1.3333 0.0000 0.22222 0.50000
16  4.3333 1.3333 0.0000 5.0000 1.3333 0.0000 5.0000 0.66667 0.0000 4.3333 0.66667 0.0000 0.22222 0.50000
17  4.3333 0.66667 0.0000 5.0000 0.66667 0.0000 5.0000 2.2204e-16 0.0000 4.3333 2.2204e-16 0.0000 0.22222 0.50000
18  5.0000 2.0000 0.0000 5.7143 2.0000 0.0000 5.7143 1.3333 0.0000 5.0000 1.3333 0.0000 0.23810 0.50000
19  5.0000 1.3333 0.0000 5.7143 1.3333 0.0000 5.7143 0.66667 0.0000 5.0000 0.66667 0.0000 0.23810 0.50000
20  5.0000 0.66667 0.0000 5.7143 0.66667 0.0000 5.7143 2.2204e-16 0.0000 5.0000 2.2204e-16 0.0000 0.23810 0.50000
21  5.7143 2.0000 0.0000 6.4286 2.0000 0.0000 6.4286 1.3333 0.0000 5.7143 1.3333 0.0000 0.23810 0.50000
22  5.7143 1.3333 0.0000 6.4286 1.3333 0.0000 6.4286 0.66667 0.0000 5.7143 0.66667 0.0000 0.23810 0.50000
23  5.7143 0.66667 0.0000 6.4286 0.66667 0.0000 6.4286 2.2204e-16 0.0000 5.7143 2.2204e-16 0.0000 0.23810 0.50000
24  6.4286 2.0000 0.0000 7.1429 2.0000 0.0000 7.1429 1.3333 0.0000 6.4286 1.3333 0.0000 0.23810 0.50000
25  6.4286 1.3333 0.0000 7.1429 1.3333 0.0000 7.1429 0.66667 0.0000 6.4286 0.66667 0.0000 0.23810 0.50000
26  6.4286 0.66667 0.0000 7.1429 0.66667 0.0000 7.1429 2.2204e-16 0.0000 6.4286 2.2204e-16 0.0000 0.23810 0.50000
27  7.1429 2.0000 0.0000 7.8571 2.0000 0.0000 7.8571 1.3333 0.0000 7.1429 1.3333 0.0000 0.23810 0.50000
28  7.1429 1.3333 0.0000 7.8571 1.3333 0.0000 7.8571 0.66667 0.0000 7.1429 0.66667 0.0000 0.23810 0.50000
29  7.1429 0.66667 0.0000 7.8571 0.66667 0.0000 7.8571 2.2204e-16 0.0000 7.1429 2.2204e-16 0.0000 0.23810 0.50000
30  7.8571 2.0000 0.0000 8.5714 2.0000 0.0000 8.5714 1.3333 0.0000 7.8571 1.3333 0.0000 0.23810 0.50000
31  7.8571 1.3333 0.0000 8.5714 1.3333 0.0000 8.5714 0.66667 0.0000 7.8571 0.66667 0.0000 0.23810 0.50000
32  7.8571 0.66667 0.0000 8.5714 0.66667 0.0000 8.5714 2.2204e-16 0.0000 7.8571 2.2204e-16 0.0000 0.23810 0.50000
33  8.5714 2.0000 0.0000 9.2857 2.0000 0.0000 9.2857 1.3333 0.0000 8.5714 1.3333 0.0000 0.23810 0.50000
34  8.5714 1.3333 0.0000 9.2857 1.3333 0.0000 9.2857 0.66667 0.0000 8.5714 0.66667 0.0000 0.23810 0.50000
35  8.5714 0.66667 0.0000 9.2857 0.66667 0.0000 9.2857 2.2204e-16 0.0000 8.5714 2.2204e-16 0.0000 0.23810 0.50000
36  9.2857 2.0000 0.0000 10.000 2.0000 0.0000 10.000 1.3333 0.0000 9.2857 1.3333 0.0000 0.23810 0.50000
37  9.2857 1.3333 0.0000 10.000 1.3333 0.0000 10.000 0.66667 0.0000 9.2857 0.66667 0.0000 0.23810 0.50000
38  9.2857 0.66667 0.0000 10.000 0.66667 0.0000 10.000 2.2204e-16 0.0000 9.2857 2.2204e-16 0.0000 0.23810 0.50000
39  5.2571 2.1857 0.0000 5.2571 2.0000 0.0000 5.4571 2.0000 0.0000 5.4571 2.1857 0.0000 0.0058344 0.10000
40  5.2571 2.3714 0.0000 5.2571 2.1857 0.0000 5.4571 2.1857 0.0000 5.4571 2.3714 0.0000 0.0058344 0.10000
41  5.2571 2.5571 0.0000 5.2571 2.3714 0.0000 5.4571 2.3714 0.0000 5.4571 2.5571 0.0000 0.0058344 0.10000
42  5.2214 2.7429 0.0000 5.2571 2.5571 0.0000 5.4571 2.5571 0.0000 5.4929 2.7429 0.0000 0.0081662 0.11786
43  5.1750 2.9286 0.0000 5.2214 2.7429 0.0000 5.4929 2.7429 0.0000 5.5393 2.9286 0.0000 0.014841 0.15893
44  5.1571 3.1143 0.0000 5.1750 2.9286 0.0000 5.5393 2.9286 0.0000 5.5571 3.1143 0.0000 0.021316 0.19107
45  5.3071 3.3000 0.0000 5.1571 3.1143 0.0000 5.5571 3.1143 0.0000 5.4071 3.3000 0.0000 0.010210 0.12500
46  7.6000 -0.18571 0.0000 7.6000 2.2817e-16 0.0000 7.4000 2.1592e-16 0.0000 7.4000 -0.18571 0.0000 0.0058344 0.10000
47  7.6000 -0.37143 0.0000 7.6000 -0.18571 0.0000 7.4000 -0.18571 0.0000 7.4000 -0.37143 0.0000 0.0058344 0.10000
48  7.6000 -0.55714 0.0000 7.6000 -0.37143 0.0000 7.4000 -0.37143 0.0000 7.4000 -0.55714 0.0000 0.0058344 0.10000
49  7.6357 -0.74286 0.0000 7.6000 -0.55714 0.0000 7.4000 -0.55714 0.0000 7.3643 -0.74286 0.0000 0.0081662 0.11786
50  7.6821 -0.92857 0.0000 7.6357 -0.74286 0.0000 7.3643 -0.74286 0.0000 7.3179 -0.92857 0.0000 0.014841 0.15893
51  7.7000 -1.1143 0.0000 7.6821 -0.92857 0.0000 7.3179 -0.92857 0.0000 7.3000 -1.1143 0.0000 0.021316 0.19107
52  7.5500 -1.3000 0.0000 7.7000 -1.1143 0.0000 7.3000 -1.1143 0.0000 7.4500 -1.3000 0.0000 0.010210 0.12500
53  7.6000 -0.18571 0.0000 7.6000 2.2817e-16 0.0000 7.4000 2.1592e-16 0.0000 7.4000 -0.18571 0.0000 0.0058344 0.10000
54  7.6000 -0.37143 0.0000 7.6000 -0.18571 0.0000 7.4000 -0.18571 0.0000 7.4000 -0.37143 0.0000 0.0058344 0.10000
55  7.6000 -0.55714 0.0000 7.6000 -0.37143 0.0000 7.4000 -0.37143 0.0000 7.4000 -0.55714 0.0000 0.0058344 0.10000
56  7.6357 -0.74286 0.0000 7.6000 -0.55714 0.0000 7.4000 -0.55714 0.0000 7.3643 -0.74286 0.0000 0.0081662 0.11786
57  7.6821 -0.92857 0.0000 7.6357 -0.74286 0.0000 7.3643 -0.74286 0.0000 7.3179 -0.92857 0.0000 0.014841 0.15893
58  7.7000 -1.1143 0.0000 7.6821 -0.92857 0.0000 7.3179 -0.92857 0.0000 7.3000 -1.1143 0.0000 0.021316 0.19107
59  7.5500 -1.3000 0.0000 7.7000 -1.1143 0.0000 7.3000 -1.1143 0.0000 7.4500 -1.3000 0.0000 0.010210 0.12500
60  8.1143 2.1857 0.0000 8.1143 2.0000 0.0000 8.3143 2.0000 0.0000 8.3143 2.1857 0.0000 0.0058344 0.10000
61  8.1143 2.3714 0.0000 8.1143 2.1857 0.0000 8.3143 2.1857 0.0000 8.3143 2.3714 0.0000 0.0058344 0.10000
62  8.1143 2.5571 0.0000 8.1143 2.3714 0.0000 8.3143 2.3714 0.0000 8.3143 2.5571 0.0000 0.0058344 0.10000
63  8.0786 2.7429 0.0000 8.1143 2.5571 0.0000 8.3143 2.5571 0.0000 8.3500 2.7429 0.0000 0.0081662 0.11786
64  8.0321 2.9286 0.0000 8.0786 2.7429 0.0000 8.3500 2.7429 0.0000 8.3964 2.9286 0.0000 0.014841 0.15893
65  8.0143 3.1143 0.0000 8.0321 2.9286 0.0000 8.3964 2.9286 0.0000 8.4143 3.1143 0.0000 0.021316 0.19107
66  8.1643 3.3000 0.0000 8.0143 3.1143 0.0000 8.4143 3.1143 0.0000 8.2643 3.3000 0.0000 0.010210 0.12500
67  8.3143 -0.18571 0.0000 8.3143 2.2817e-16 0.0000 8.1143 2.1592e-16 0.0000 8.1143 -0.18571 0.0000 0.0058344 0.10000
68  8.3143 -0.37143 0.0000 8.3143 -0.18571 0.0000 8.1143 -0.18571 0.0000 8.1143 -0.37143 0.0000 0.0058344 0.10000
69  8.3143 -0.55714 0.0000 8.3143 -0.37143 0.0000 8.1143 -0.37143 0.0000 8.1143 -0.55714 0.0000 0.0058344 0.10000
70  8.3500 -0.74286 0.0000 8.3143 -0.55714 0.0000 8.1143 -0.55714 0.0000 8.0786 -0.74286 0.0000 0.0081662 0.11786
71  8.3964 -0.92857 0.0000 8.3500 -0.74286 0.0000 8.0786 -0.74286 0.0000 8.0321 -0.92857 0.0000 0.014841 0.15893
72  8.4143 -1.1143 0.0000 8.3964 -0.92857 0.0000 8.0321 -0.92857 0.0000 8.0143 -1.1143 0.0000 0.021316 0.19107
73  8.2643 -1.3000 0.0000 8.4143 -1.1143 0.0000 8.0143 -1.1143 0.0000 8.1643 -1.3000 0.0000 0.010210 0.12500
74  9.5429 2.1857 0.0000 9.5429 2.0000 0.0000 9.7429 2.0000 0.0000 9.7429 2.1857 0.0000 0.0058344 0.10000
75  9.5429 2.3714 0.0000 9.5429 2.1857 0.0000 9.7429 2.1857 0.0000 9.7429 2.3714 0.0000 0.0058344 0.10000
76  9.5429 2.5571 0.0000 9.5429 2.3714 0.0000 9.7429 2.3714 0.0000 9.7429 2.5571 0.0000 0.0058344 0.10000
77  9.5071 2.7429 0.0000 9.5429 2.5571 0.0000 9.7429 2.5571 0.0000 9.7786 2.7429 0.0000 0.0081662 0.11786
78  9.4607 2.9286 0.0000 9.5071 2.7429 0.0000 9.7786 2.7429 0.0000 9.8250 2.9286 0.0000 0.014841 0.15893
79  9.4429 3.1143 0.0000 9.4607 2.9286 0.0000 9.8250 2.9286 0.0000 9.8429 3.1143 0.0000 0.021316 0.19107
80  9.5929 3.3000 0.0000 9.4429 3.1143 0.0000 9.8429 3.1143 0.0000 9.6929 3.3000 0.0000 0.010210 0.12500
