element_index  x0 y0 z0 x1 y1 z1 x2 y2 z2 x3 y3 z3
0  1.0000 1.6250 0.0000  1.2500 1.6250 0.0000  1.2500 1.3750 0.0000  1.0000 1.3750 0.0000 
1  1.0000 1.3750 0.0000  1.2500 1.3750 0.0000  1.2500 1.1250 0.0000  1.0000 1.1250 0.0000 
2  1.0000 1.1250 0.0000  1.2500 1.1250 0.0000  1.2500 0.87500 0.0000  1.0000 0.87500 0.0000 
3  1.0000 0.87500 0.0000  1.2500 0.87500 0.0000  1.2500 0.62500 0.0000  1.0000 0.62500 0.0000 
4  1.0000 0.62500 0.0000  1.2500 0.62500 0.0000  1.2500 0.37500 0.0000  1.0000 0.37500 0.0000 
5  1.2500 1.6250 0.0000  1.5000 1.6250 0.0000  1.5000 1.3750 0.0000  1.2500 1.3750 0.0000 
6  1.2500 1.3750 0.0000  1.5000 1.3750 0.0000  1.5000 1.1250 0.0000  1.2500 1.1250 0.0000 
7  1.2500 1.1250 0.0000  1.5000 1.1250 0.0000  1.5000 0.87500 0.0000  1.2500 0.87500 0.0000 
8  1.2500 0.87500 0.0000  1.5000 0.87500 0.0000  1.5000 0.62500 0.0000  1.2500 0.62500 0.0000 
9  1.2500 0.62500 0.0000  1.5000 0.62500 0.0000  1.5000 0.37500 0.0000  1.2500 0.37500 0.0000 
10  1.5000 1.6250 0.0000  1.7500 1.6250 0.0000  1.7500 1.3750 0.0000  1.5000 1.3750 0.0000 
11  1.5000 1.3750 0.0000  1.7500 1.3750 0.0000  1.7500 1.1250 0.0000  1.5000 1.1250 0.0000 
12  1.5000 1.1250 0.0000  1.7500 1.1250 0.0000  1.7500 0.87500 0.0000  1.5000 0.87500 0.0000 
13  1.5000 0.87500 0.0000  1.7500 0.87500 0.0000  1.7500 0.62500 0.0000  1.5000 0.62500 0.0000 
14  1.5000 0.62500 0.0000  1.7500 0.62500 0.0000  1.7500 0.37500 0.0000  1.5000 0.37500 0.0000 
15  1.7500 1.6250 0.0000  2.0000 1.6250 0.0000  2.0000 1.3750 0.0000  1.7500 1.3750 0.0000 
16  1.7500 1.3750 0.0000  2.0000 1.3750 0.0000  2.0000 1.1250 0.0000  1.7500 1.1250 0.0000 
17  1.7500 1.1250 0.0000  2.0000 1.1250 0.0000  2.0000 0.87500 0.0000  1.7500 0.87500 0.0000 
18  1.7500 0.87500 0.0000  2.0000 0.87500 0.0000  2.0000 0.62500 0.0000  1.7500 0.62500 0.0000 
19  1.7500 0.62500 0.0000  2.0000 0.62500 0.0000  2.0000 0.37500 0.0000  1.7500 0.37500 0.0000 
20  2.0000 1.6250 0.0000  2.2500 1.6250 0.0000  2.2500 1.3750 0.0000  2.0000 1.3750 0.0000 
21  2.0000 1.3750 0.0000  2.2500 1.3750 0.0000  2.2500 1.1250 0.0000  2.0000 1.1250 0.0000 
22  2.0000 1.1250 0.0000  2.2500 1.1250 0.0000  2.2500 0.87500 0.0000  2.0000 0.87500 0.0000 
23  2.0000 0.87500 0.0000  2.2500 0.87500 0.0000  2.2500 0.62500 0.0000  2.0000 0.62500 0.0000 
24  2.0000 0.62500 0.0000  2.2500 0.62500 0.0000  2.2500 0.37500 0.0000  2.0000 0.37500 0.0000 
25  2.2500 1.6250 0.0000  2.5000 1.6250 0.0000  2.5000 1.3750 0.0000  2.2500 1.3750 0.0000 
26  2.2500 1.3750 0.0000  2.5000 1.3750 0.0000  2.5000 1.1250 0.0000  2.2500 1.1250 0.0000 
27  2.2500 1.1250 0.0000  2.5000 1.1250 0.0000  2.5000 0.87500 0.0000  2.2500 0.87500 0.0000 
28  2.2500 0.87500 0.0000  2.5000 0.87500 0.0000  2.5000 0.62500 0.0000  2.2500 0.62500 0.0000 
29  2.2500 0.62500 0.0000  2.5000 0.62500 0.0000  2.5000 0.37500 0.0000  2.2500 0.37500 0.0000 
30  2.5000 1.6250 0.0000  2.7500 1.6250 0.0000  2.7500 1.3750 0.0000  2.5000 1.3750 0.0000 
31  2.5000 1.3750 0.0000  2.7500 1.3750 0.0000  2.7500 1.1250 0.0000  2.5000 1.1250 0.0000 
32  2.5000 1.1250 0.0000  2.7500 1.1250 0.0000  2.7500 0.87500 0.0000  2.5000 0.87500 0.0000 
33  2.5000 0.87500 0.0000  2.7500 0.87500 0.0000  2.7500 0.62500 0.0000  2.5000 0.62500 0.0000 
34  2.5000 0.62500 0.0000  2.7500 0.62500 0.0000  2.7500 0.37500 0.0000  2.5000 0.37500 0.0000 
35  2.7500 1.6250 0.0000  3.0000 1.6250 0.0000  3.0000 1.3750 0.0000  2.7500 1.3750 0.0000 
36  2.7500 1.3750 0.0000  3.0000 1.3750 0.0000  3.0000 1.1250 0.0000  2.7500 1.1250 0.0000 
37  2.7500 1.1250 0.0000  3.0000 1.1250 0.0000  3.0000 0.87500 0.0000  2.7500 0.87500 0.0000 
38  2.7500 0.87500 0.0000  3.0000 0.87500 0.0000  3.0000 0.62500 0.0000  2.7500 0.62500 0.0000 
39  2.7500 0.62500 0.0000  3.0000 0.62500 0.0000  3.0000 0.37500 0.0000  2.7500 0.37500 0.0000 
40  3.0133 0.89956 0.0000  3.1497 0.89047 0.0000  3.1408 0.75743 0.0000  3.0044 0.76652 0.0000 
41  3.0044 0.76652 0.0000  3.1408 0.75743 0.0000  3.1319 0.62439 0.0000  2.9956 0.63348 0.0000 
42  2.9956 0.63348 0.0000  3.1319 0.62439 0.0000  3.1231 0.49135 0.0000  2.9867 0.50044 0.0000 
43  3.1497 0.89047 0.0000  3.2860 0.88138 0.0000  3.2772 0.74834 0.0000  3.1408 0.75743 0.0000 
44  3.1408 0.75743 0.0000  3.2772 0.74834 0.0000  3.2683 0.61530 0.0000  3.1319 0.62439 0.0000 
45  3.1319 0.62439 0.0000  3.2683 0.61530 0.0000  3.2594 0.48226 0.0000  3.1231 0.49135 0.0000 
46  3.2860 0.88138 0.0000  3.4224 0.87228 0.0000  3.4135 0.73925 0.0000  3.2772 0.74834 0.0000 
47  3.2772 0.74834 0.0000  3.4135 0.73925 0.0000  3.4047 0.60621 0.0000  3.2683 0.61530 0.0000 
48  3.2683 0.61530 0.0000  3.4047 0.60621 0.0000  3.3958 0.47317 0.0000  3.2594 0.48226 0.0000 
49  3.4224 0.87228 0.0000  3.5588 0.86319 0.0000  3.5499 0.73016 0.0000  3.4135 0.73925 0.0000 
50  3.4135 0.73925 0.0000  3.5499 0.73016 0.0000  3.5410 0.59712 0.0000  3.4047 0.60621 0.0000 
51  3.4047 0.60621 0.0000  3.5410 0.59712 0.0000  3.5322 0.46408 0.0000  3.3958 0.47317 0.0000 
52  3.5588 0.86319 0.0000  3.6951 0.85410 0.0000  3.6863 0.72106 0.0000  3.5499 0.73016 0.0000 
53  3.5499 0.73016 0.0000  3.6863 0.72106 0.0000  3.6774 0.58803 0.0000  3.5410 0.59712 0.0000 
54  3.5410 0.59712 0.0000  3.6774 0.58803 0.0000  3.6685 0.45499 0.0000  3.5322 0.46408 0.0000 
55  3.6951 0.85410 0.0000  3.8315 0.84501 0.0000  3.8226 0.71197 0.0000  3.6863 0.72106 0.0000 
56  3.6863 0.72106 0.0000  3.8226 0.71197 0.0000  3.8137 0.57894 0.0000  3.6774 0.58803 0.0000 
57  3.6774 0.58803 0.0000  3.8137 0.57894 0.0000  3.8049 0.44590 0.0000  3.6685 0.45499 0.0000 
58  3.8315 0.84501 0.0000  3.9678 0.83592 0.0000  3.9590 0.70288 0.0000  3.8226 0.71197 0.0000 
59  3.8226 0.71197 0.0000  3.9590 0.70288 0.0000  3.9501 0.56984 0.0000  3.8137 0.57894 0.0000 
60  3.8137 0.57894 0.0000  3.9501 0.56984 0.0000  3.9412 0.43681 0.0000  3.8049 0.44590 0.0000 
61  3.9678 0.83592 0.0000  4.1042 0.82683 0.0000  4.0953 0.69379 0.0000  3.9590 0.70288 0.0000 
62  3.9590 0.70288 0.0000  4.0953 0.69379 0.0000  4.0865 0.56075 0.0000  3.9501 0.56984 0.0000 
63  3.9501 0.56984 0.0000  4.0865 0.56075 0.0000  4.0776 0.42772 0.0000  3.9412 0.43681 0.0000 
64  4.1042 0.82683 0.0000  4.2406 0.81774 0.0000  4.2317 0.68470 0.0000  4.0953 0.69379 0.0000 
65  4.0953 0.69379 0.0000  4.2317 0.68470 0.0000  4.2228 0.55166 0.0000  4.0865 0.56075 0.0000 
66  4.0865 0.56075 0.0000  4.2228 0.55166 0.0000  4.2140 0.41862 0.0000  4.0776 0.42772 0.0000 
67  4.2406 0.81774 0.0000  4.3769 0.80865 0.0000  4.3681 0.67561 0.0000  4.2317 0.68470 0.0000 
68  4.2317 0.68470 0.0000  4.3681 0.67561 0.0000  4.3592 0.54257 0.0000  4.2228 0.55166 0.0000 
69  4.2228 0.55166 0.0000  4.3592 0.54257 0.0000  4.3503 0.40953 0.0000  4.2140 0.41862 0.0000 
70  4.3769 0.80865 0.0000  4.5133 0.79956 0.0000  4.5044 0.66652 0.0000  4.3681 0.67561 0.0000 
71  4.3681 0.67561 0.0000  4.5044 0.66652 0.0000  4.4956 0.53348 0.0000  4.3592 0.54257 0.0000 
72  4.3592 0.54257 0.0000  4.4956 0.53348 0.0000  4.4867 0.40044 0.0000  4.3503 0.40953 0.0000 
73  4.5133 0.79956 0.0000  4.6497 0.79047 0.0000  4.6408 0.65743 0.0000  4.5044 0.66652 0.0000 
74  4.5044 0.66652 0.0000  4.6408 0.65743 0.0000  4.6319 0.52439 0.0000  4.4956 0.53348 0.0000 
75  4.4956 0.53348 0.0000  4.6319 0.52439 0.0000  4.6231 0.39135 0.0000  4.4867 0.40044 0.0000 
76  4.6497 0.79047 0.0000  4.7860 0.78138 0.0000  4.7772 0.64834 0.0000  4.6408 0.65743 0.0000 
77  4.6408 0.65743 0.0000  4.7772 0.64834 0.0000  4.7683 0.51530 0.0000  4.6319 0.52439 0.0000 
78  4.6319 0.52439 0.0000  4.7683 0.51530 0.0000  4.7594 0.38226 0.0000  4.6231 0.39135 0.0000 
79  4.7860 0.78138 0.0000  4.9224 0.77228 0.0000  4.9135 0.63925 0.0000  4.7772 0.64834 0.0000 
80  4.7772 0.64834 0.0000  4.9135 0.63925 0.0000  4.9047 0.50621 0.0000  4.7683 0.51530 0.0000 
81  4.7683 0.51530 0.0000  4.9047 0.50621 0.0000  4.8958 0.37317 0.0000  4.7594 0.38226 0.0000 
82  4.9224 0.77228 0.0000  5.0588 0.76319 0.0000  5.0499 0.63016 0.0000  4.9135 0.63925 0.0000 
83  4.9135 0.63925 0.0000  5.0499 0.63016 0.0000  5.0410 0.49712 0.0000  4.9047 0.50621 0.0000 
84  4.9047 0.50621 0.0000  5.0410 0.49712 0.0000  5.0322 0.36408 0.0000  4.8958 0.37317 0.0000 
85  5.0499 0.63016 0.0000  5.1863 0.62106 0.0000  5.1774 0.48803 0.0000  5.0410 0.49712 0.0000 
86  5.1863 0.62106 0.0000  5.3226 0.61197 0.0000  5.3137 0.47894 0.0000  5.1774 0.48803 0.0000 
87  5.3226 0.61197 0.0000  5.4590 0.60288 0.0000  5.4501 0.46984 0.0000  5.3137 0.47894 0.0000 
88  5.4590 0.60288 0.0000  5.5953 0.59379 0.0000  5.5865 0.46075 0.0000  5.4501 0.46984 0.0000 
89  5.5953 0.59379 0.0000  5.7317 0.58470 0.0000  5.7228 0.45166 0.0000  5.5865 0.46075 0.0000 
90  5.7317 0.58470 0.0000  5.8681 0.57561 0.0000  5.8592 0.44257 0.0000  5.7228 0.45166 0.0000 
91  5.8681 0.57561 0.0000  6.0044 0.56652 0.0000  5.9956 0.43348 0.0000  5.8592 0.44257 0.0000 
92  2.9506 1.5296 0.0000  3.0839 1.5496 0.0000  3.1037 1.4178 0.0000  2.9703 1.3978 0.0000 
93  2.9703 1.3978 0.0000  3.1037 1.4178 0.0000  3.1234 1.2859 0.0000  2.9901 1.2659 0.0000 
94  2.9901 1.2659 0.0000  3.1234 1.2859 0.0000  3.1432 1.1541 0.0000  3.0099 1.1341 0.0000 
95  3.0099 1.1341 0.0000  3.1432 1.1541 0.0000  3.1630 1.0222 0.0000  3.0297 1.0022 0.0000 
96  3.0297 1.0022 0.0000  3.1630 1.0222 0.0000  3.1828 0.89035 0.0000  3.0494 0.87035 0.0000 
97  3.0839 1.5496 0.0000  3.2172 1.5696 0.0000  3.2370 1.4378 0.0000  3.1037 1.4178 0.0000 
98  3.1037 1.4178 0.0000  3.2370 1.4378 0.0000  3.2568 1.3059 0.0000  3.1234 1.2859 0.0000 
99  3.1234 1.2859 0.0000  3.2568 1.3059 0.0000  3.2766 1.1741 0.0000  3.1432 1.1541 0.0000 
100  3.1432 1.1541 0.0000  3.2766 1.1741 0.0000  3.2963 1.0422 0.0000  3.1630 1.0222 0.0000 
101  3.1630 1.0222 0.0000  3.2963 1.0422 0.0000  3.3161 0.91035 0.0000  3.1828 0.89035 0.0000 
102  3.2172 1.5696 0.0000  3.3506 1.5896 0.0000  3.3703 1.4578 0.0000  3.2370 1.4378 0.0000 
103  3.2370 1.4378 0.0000  3.3703 1.4578 0.0000  3.3901 1.3259 0.0000  3.2568 1.3059 0.0000 
104  3.2568 1.3059 0.0000  3.3901 1.3259 0.0000  3.4099 1.1941 0.0000  3.2766 1.1741 0.0000 
105  3.2766 1.1741 0.0000  3.4099 1.1941 0.0000  3.4297 1.0622 0.0000  3.2963 1.0422 0.0000 
106  3.2963 1.0422 0.0000  3.4297 1.0622 0.0000  3.4494 0.93035 0.0000  3.3161 0.91035 0.0000 
107  3.3703 1.4578 0.0000  3.5037 1.4778 0.0000  3.5234 1.3459 0.0000  3.3901 1.3259 0.0000 
108  3.3901 1.3259 0.0000  3.5234 1.3459 0.0000  3.5432 1.2141 0.0000  3.4099 1.1941 0.0000 
109  3.4099 1.1941 0.0000  3.5432 1.2141 0.0000  3.5630 1.0822 0.0000  3.4297 1.0622 0.0000 
110  3.5037 1.4778 0.0000  3.6370 1.4978 0.0000  3.6568 1.3659 0.0000  3.5234 1.3459 0.0000 
111  3.5234 1.3459 0.0000  3.6568 1.3659 0.0000  3.6766 1.2341 0.0000  3.5432 1.2141 0.0000 
112  3.5432 1.2141 0.0000  3.6766 1.2341 0.0000  3.6963 1.1022 0.0000  3.5630 1.0822 0.0000 
113  3.6370 1.4978 0.0000  3.7703 1.5178 0.0000  3.7901 1.3859 0.0000  3.6568 1.3659 0.0000 
114  3.6568 1.3659 0.0000  3.7901 1.3859 0.0000  3.8099 1.2541 0.0000  3.6766 1.2341 0.0000 
115  3.6766 1.2341 0.0000  3.8099 1.2541 0.0000  3.8297 1.1222 0.0000  3.6963 1.1022 0.0000 
116  3.7703 1.5178 0.0000  3.9037 1.5378 0.0000  3.9234 1.4059 0.0000  3.7901 1.3859 0.0000 
117  3.7901 1.3859 0.0000  3.9234 1.4059 0.0000  3.9432 1.2741 0.0000  3.8099 1.2541 0.0000 
118  3.8099 1.2541 0.0000  3.9432 1.2741 0.0000  3.9630 1.1422 0.0000  3.8297 1.1222 0.0000 
119  3.9037 1.5378 0.0000  4.0370 1.5578 0.0000  4.0568 1.4259 0.0000  3.9234 1.4059 0.0000 
120  3.9234 1.4059 0.0000  4.0568 1.4259 0.0000  4.0766 1.2941 0.0000  3.9432 1.2741 0.0000 
121  3.9432 1.2741 0.0000  4.0766 1.2941 0.0000  4.0963 1.1622 0.0000  3.9630 1.1422 0.0000 
122  4.0370 1.5578 0.0000  4.1703 1.5778 0.0000  4.1901 1.4459 0.0000  4.0568 1.4259 0.0000 
123  4.0568 1.4259 0.0000  4.1901 1.4459 0.0000  4.2099 1.3141 0.0000  4.0766 1.2941 0.0000 
124  4.0766 1.2941 0.0000  4.2099 1.3141 0.0000  4.2297 1.1822 0.0000  4.0963 1.1622 0.0000 
125  4.1703 1.5778 0.0000  4.3037 1.5978 0.0000  4.3234 1.4659 0.0000  4.1901 1.4459 0.0000 
126  4.1901 1.4459 0.0000  4.3234 1.4659 0.0000  4.3432 1.3341 0.0000  4.2099 1.3141 0.0000 
127  4.2099 1.3141 0.0000  4.3432 1.3341 0.0000  4.3630 1.2022 0.0000  4.2297 1.1822 0.0000 
128  4.3037 1.5978 0.0000  4.4370 1.6178 0.0000  4.4568 1.4859 0.0000  4.3234 1.4659 0.0000 
129  4.3234 1.4659 0.0000  4.4568 1.4859 0.0000  4.4766 1.3541 0.0000  4.3432 1.3341 0.0000 
130  4.3432 1.3341 0.0000  4.4766 1.3541 0.0000  4.4963 1.2222 0.0000  4.3630 1.2022 0.0000 
131  4.4370 1.6178 0.0000  4.5703 1.6378 0.0000  4.5901 1.5059 0.0000  4.4568 1.4859 0.0000 
132  4.4568 1.4859 0.0000  4.5901 1.5059 0.0000  4.6099 1.3741 0.0000  4.4766 1.3541 0.0000 
133  4.4766 1.3541 0.0000  4.6099 1.3741 0.0000  4.6297 1.2422 0.0000  4.4963 1.2222 0.0000 
134  4.5703 1.6378 0.0000  4.7037 1.6578 0.0000  4.7234 1.5259 0.0000  4.5901 1.5059 0.0000 
135  4.5901 1.5059 0.0000  4.7234 1.5259 0.0000  4.7432 1.3941 0.0000  4.6099 1.3741 0.0000 
136  4.6099 1.3741 0.0000  4.7432 1.3941 0.0000  4.7630 1.2622 0.0000  4.6297 1.2422 0.0000 
137  4.7234 1.5259 0.0000  4.8568 1.5459 0.0000  4.8766 1.4141 0.0000  4.7432 1.3941 0.0000 
138  4.8568 1.5459 0.0000  4.9901 1.5659 0.0000  5.0099 1.4341 0.0000  4.8766 1.4141 0.0000 
